 nmt =               50
 dmf =      T
 dff =      F
 vgr =       0.100000001    
 lde =       0.949999988    
 theta =     0.500000000    
 sigma =     0.500000000    
 ssr =                1
 dr =        0.300000012    
 mr =         7.00000003E-02
 spdispr =           30
 gs =               300
 ini =            60000
 ngen =            1000
 Myseed =         84563
 nmap =            1000
 Gen nind ndea nveg nspo num_mat veg_1 spo_1 mat_1 veg_2 spo_2 mat_2
     0 60000     0     0     0    50  0.334 0.333 0.333   NaN   NaN   NaN
     5 52805 14109  4020 10072    50  0.311 0.345 0.343 0.240 0.244 0.517
    10 51380 13847  4027  9567    50  0.279 0.339 0.382 0.205 0.224 0.571
    15 50368 13596  4245  9138    50  0.254 0.330 0.415 0.180 0.204 0.617
    20 48570 13262  4145  8752    50  0.234 0.320 0.446 0.158 0.186 0.656
    25 47429 12931  4388  8445    50  0.217 0.313 0.469 0.140 0.171 0.689
    30 46436 12505  4349  8080    50  0.204 0.307 0.489 0.127 0.159 0.714
    35 45131 12573  4388  7902    50  0.195 0.303 0.502 0.117 0.153 0.731
    40 44617 12191  4353  7546    50  0.188 0.304 0.509 0.107 0.144 0.749
    45 44409 12259  4483  7545    50  0.182 0.308 0.510 0.101 0.139 0.760
    50 44102 12085  4436  7578    50  0.178 0.311 0.510 0.097 0.136 0.767
    55 44382 12057  4540  7591    50  0.173 0.317 0.509 0.095 0.134 0.771
    60 44497 12129  4406  7688    50  0.172 0.323 0.504 0.091 0.133 0.776
    65 44779 12101  4396  7800    50  0.170 0.332 0.498 0.089 0.133 0.778
    70 44925 12072  4393  7812    50  0.167 0.338 0.495 0.086 0.130 0.784
    75 45704 12473  4386  8154    50  0.167 0.347 0.486 0.084 0.130 0.786
    80 45771 12464  4330  8072    50  0.166 0.351 0.482 0.081 0.128 0.790
    85 46322 12376  4282  8289    50  0.166 0.357 0.477 0.079 0.129 0.791
    90 46687 12691  4347  8415    50  0.163 0.362 0.475 0.078 0.129 0.793
    95 46789 12787  4337  8416    50  0.160 0.367 0.472 0.077 0.130 0.793
   100 47265 12659  4311  8493    50  0.157 0.373 0.470 0.074 0.130 0.797
   105 47387 12833  4163  8517    50  0.156 0.376 0.468 0.073 0.129 0.798
   110 47416 12879  4225  8664    50  0.155 0.380 0.466 0.071 0.128 0.801
   115 47861 12950  4249  8719    50  0.154 0.383 0.463 0.071 0.129 0.800
   120 48127 13023  4380  8788    50  0.154 0.387 0.459 0.070 0.127 0.803
   125 48344 12997  4264  8894    50  0.154 0.390 0.456 0.070 0.126 0.805
   130 48273 13005  4234  8856    50  0.153 0.392 0.455 0.068 0.125 0.807
   135 48630 13251  4332  8990    50  0.152 0.395 0.452 0.066 0.124 0.810
   140 48666 13242  4228  9027    50  0.151 0.398 0.451 0.065 0.125 0.809
   145 48694 13241  4184  8890    50  0.151 0.401 0.448 0.063 0.124 0.813
   150 48797 13238  4225  9022    50  0.149 0.402 0.448 0.063 0.123 0.814
   155 48704 13056  4159  8988    50  0.148 0.402 0.450 0.063 0.124 0.813
   160 48677 13278  4437  8930    50  0.148 0.403 0.450 0.063 0.124 0.813
   165 48503 13324  4352  8885    50  0.148 0.400 0.453 0.062 0.124 0.814
   170 48742 13137  4228  9012    50  0.147 0.401 0.452 0.061 0.122 0.817
   175 48862 13086  4290  8895    50  0.148 0.397 0.455 0.062 0.122 0.816
   180 48806 13257  4289  9019    50  0.148 0.400 0.451 0.063 0.124 0.813
   185 48684 13085  4173  8876    50  0.148 0.398 0.454 0.062 0.120 0.818
   190 48658 13215  4250  8881    50  0.147 0.398 0.454 0.061 0.119 0.820
   195 48552 12998  4239  8994    50  0.148 0.397 0.456 0.061 0.120 0.818
   200 48344 13076  4268  8877    50  0.147 0.399 0.453 0.061 0.120 0.819
   205 48420 13097  4266  8848    50  0.147 0.399 0.454 0.061 0.121 0.817
   210 48695 13222  4204  8887    50  0.147 0.400 0.453 0.061 0.122 0.818
   215 48191 13099  4234  8854    50  0.146 0.398 0.456 0.061 0.123 0.816
   220 48913 13064  4281  8979    50  0.146 0.398 0.457 0.060 0.122 0.817
   225 48785 13074  4313  8970    50  0.144 0.400 0.456 0.061 0.124 0.815
   230 48754 13130  4196  8889    50  0.144 0.401 0.455 0.061 0.123 0.816
   235 48406 13224  4204  8798    50  0.145 0.401 0.454 0.061 0.122 0.817
   240 48375 13102  4368  8822    50  0.144 0.399 0.457 0.061 0.122 0.817
   245 48416 13221  4299  8786    50  0.145 0.399 0.457 0.061 0.123 0.816
   250 48659 13401  4318  9046    50  0.145 0.402 0.454 0.061 0.124 0.815
   255 48803 13126  4158  9018    50  0.146 0.402 0.452 0.062 0.125 0.813
   260 48713 13188  4178  8947    50  0.145 0.400 0.455 0.062 0.125 0.813
   265 48986 13284  4278  8972    50  0.145 0.399 0.456 0.061 0.124 0.815
   270 48716 12945  4280  8886    50  0.145 0.397 0.458 0.061 0.122 0.817
   275 48454 13182  4160  8954    50  0.146 0.395 0.459 0.061 0.121 0.818
   280 48651 13156  4208  8851    50  0.147 0.394 0.459 0.061 0.122 0.817
   285 48648 12985  4360  9026    50  0.145 0.396 0.459 0.061 0.119 0.820
   290 48574 13089  4264  8858    50  0.146 0.396 0.458 0.061 0.123 0.816
   295 48691 13007  4232  8913    50  0.145 0.398 0.458 0.061 0.124 0.815
   300 48739 13007  4232  8940    50  0.145 0.397 0.458 0.061 0.121 0.818
   305 48397 13152  4162  8774    50  0.146 0.394 0.459 0.060 0.118 0.822
   310 47992 13000  4246  8657    50  0.146 0.392 0.462 0.060 0.116 0.823
   315 47957 12989  4294  8653    50  0.147 0.397 0.456 0.062 0.120 0.818
   320 48215 12901  4297  8751    50  0.147 0.393 0.460 0.062 0.121 0.817
   325 48075 13093  4207  8655    50  0.146 0.394 0.460 0.061 0.121 0.818
   330 48367 13121  4264  8868    50  0.146 0.396 0.459 0.062 0.123 0.816
   335 48496 13199  4240  8948    50  0.146 0.397 0.458 0.062 0.125 0.813
   340 48506 13241  4203  9059    50  0.146 0.397 0.457 0.062 0.124 0.814
   345 48959 13039  4307  8968    50  0.146 0.396 0.458 0.061 0.121 0.818
   350 48652 13206  4153  8958    50  0.145 0.398 0.456 0.061 0.122 0.817
   355 48745 13310  4255  9080    50  0.147 0.396 0.457 0.061 0.120 0.819
   360 48431 13182  4215  8949    50  0.147 0.398 0.455 0.061 0.122 0.817
   365 48169 13094  4231  8768    50  0.147 0.395 0.458 0.061 0.122 0.817
   370 48244 13263  4315  8847    50  0.147 0.396 0.457 0.061 0.125 0.813
   375 48824 13101  4314  8827    50  0.148 0.400 0.452 0.060 0.122 0.817
   380 49067 13180  4233  9019    50  0.147 0.400 0.453 0.061 0.122 0.817
   385 48517 13121  4260  8826    50  0.148 0.398 0.455 0.061 0.121 0.818
   390 48536 13146  4223  8959    50  0.146 0.399 0.455 0.060 0.120 0.819
   395 48461 13148  4227  8782    50  0.145 0.398 0.457 0.058 0.115 0.826
   400 48146 13001  4267  8822    50  0.144 0.397 0.458 0.060 0.121 0.819
   405 48420 13036  4322  8819    50  0.144 0.396 0.460 0.060 0.119 0.821
   410 48274 13119  4169  8854    50  0.145 0.400 0.455 0.060 0.122 0.818
   415 48655 13252  4296  8982    50  0.144 0.401 0.456 0.061 0.121 0.818
   420 48719 13257  4223  8958    50  0.146 0.404 0.450 0.061 0.124 0.815
   425 48540 13330  4171  8906    50  0.146 0.403 0.451 0.062 0.121 0.817
   430 48444 13454  4263  8950    50  0.145 0.400 0.454 0.060 0.121 0.819
   435 48707 13023  4290  8767    50  0.145 0.399 0.457 0.059 0.120 0.821
   440 48350 13081  4351  8929    50  0.145 0.398 0.457 0.061 0.121 0.818
   445 48190 12980  4359  8769    50  0.146 0.396 0.459 0.060 0.122 0.818
   450 48259 13015  4288  8706    50  0.146 0.396 0.458 0.061 0.123 0.816
   455 48560 13137  4246  9001    50  0.146 0.399 0.455 0.060 0.121 0.819
   460 48766 13155  4290  8835    50  0.146 0.400 0.455 0.061 0.121 0.818
   465 48139 13007  4266  8783    50  0.147 0.400 0.453 0.060 0.121 0.819
   470 48495 12946  4281  8804    50  0.146 0.401 0.453 0.061 0.123 0.816
   475 48370 13108  4226  8923    50  0.148 0.401 0.452 0.062 0.123 0.815
   480 48484 13164  4297  8771    50  0.147 0.399 0.454 0.062 0.124 0.814
   485 48665 13220  4421  8813    50  0.148 0.398 0.454 0.061 0.122 0.816
   490 48332 13125  4252  8887    50  0.148 0.395 0.456 0.061 0.123 0.816
   495 48271 13040  4157  8909    50  0.148 0.398 0.454 0.062 0.122 0.817
   500 48443 13257  4329  8875    50  0.148 0.396 0.457 0.062 0.122 0.816
   505 47937 12953  4111  8679    50  0.147 0.393 0.460 0.061 0.120 0.818
   510 47921 13019  4156  8810    50  0.146 0.393 0.461 0.061 0.119 0.820
   515 47836 13183  4244  8747    50  0.146 0.392 0.461 0.062 0.121 0.817
   520 48375 13281  4238  8949    50  0.147 0.395 0.458 0.062 0.123 0.815
   525 48116 13145  4312  8812    50  0.146 0.396 0.459 0.062 0.123 0.815
   530 48220 12949  4232  8774    50  0.147 0.394 0.460 0.062 0.122 0.816
   535 48618 13162  4193  8872    50  0.146 0.395 0.459 0.062 0.124 0.814
   540 48460 13069  4217  8867    50  0.146 0.397 0.457 0.063 0.125 0.813
   545 48789 13364  4336  8964    50  0.146 0.398 0.456 0.062 0.122 0.816
   550 48596 13265  4287  8802    50  0.145 0.396 0.460 0.061 0.123 0.816
   555 48585 13005  4194  8923    50  0.145 0.399 0.457 0.061 0.122 0.817
   560 48554 13338  4149  8886    50  0.145 0.400 0.454 0.060 0.123 0.817
   565 48457 13015  4185  8955    50  0.145 0.399 0.457 0.061 0.123 0.816
   570 48783 13057  4261  9062    50  0.146 0.402 0.452 0.061 0.127 0.812
   575 48776 13313  4259  8889    50  0.146 0.401 0.453 0.061 0.123 0.816
   580 48775 13049  4124  8936    50  0.147 0.399 0.454 0.060 0.121 0.819
   585 48350 13049  4316  8811    50  0.146 0.397 0.458 0.060 0.119 0.821
   590 48300 13081  4189  8897    50  0.146 0.396 0.458 0.060 0.118 0.822
   595 47961 12930  4332  8750    50  0.146 0.398 0.456 0.060 0.121 0.819
   600 48216 13067  4133  8874    50  0.145 0.398 0.457 0.061 0.122 0.817
   605 48815 13033  4233  8956    50  0.146 0.399 0.455 0.062 0.121 0.817
   610 48709 13085  4250  8989    50  0.146 0.398 0.456 0.060 0.120 0.821
   615 48578 13110  4188  8908    50  0.146 0.397 0.457 0.060 0.120 0.821
   620 48463 12933  4210  8818    50  0.145 0.397 0.458 0.061 0.120 0.819
   625 48770 13330  4282  8983    50  0.146 0.398 0.455 0.061 0.124 0.815
   630 49008 13249  4247  9022    50  0.146 0.400 0.454 0.062 0.125 0.813
   635 48555 13370  4162  8962    50  0.147 0.402 0.452 0.060 0.124 0.816
   640 48653 13111  4240  8905    50  0.146 0.402 0.451 0.061 0.123 0.817
   645 48742 13268  4300  8955    50  0.146 0.404 0.450 0.060 0.123 0.817
   650 48570 13180  4149  8809    50  0.145 0.401 0.454 0.060 0.120 0.820
   655 48537 13154  4238  9004    50  0.144 0.400 0.456 0.059 0.118 0.823
   660 48361 13061  4287  8879    50  0.144 0.401 0.455 0.060 0.122 0.819
   665 48688 13195  4284  8850    50  0.144 0.403 0.453 0.059 0.120 0.821
   670 48724 13126  4256  8856    50  0.144 0.403 0.452 0.059 0.119 0.822
   675 48668 13310  4212  9063    50  0.144 0.401 0.455 0.060 0.122 0.818
   680 48747 13221  4268  9033    50  0.145 0.403 0.452 0.061 0.125 0.814
   685 48730 13266  4337  8924    50  0.144 0.402 0.454 0.060 0.122 0.818
   690 48697 13270  4281  8837    50  0.145 0.401 0.454 0.060 0.121 0.819
   695 48692 13186  4190  9053    50  0.145 0.401 0.455 0.061 0.121 0.818
   700 48965 13102  4276  8821    50  0.145 0.397 0.458 0.060 0.118 0.822
   705 48485 13217  4300  8840    50  0.145 0.398 0.458 0.059 0.121 0.820
   710 48261 13122  4194  8685    50  0.145 0.397 0.458 0.060 0.119 0.821
   715 48099 13030  4144  8824    50  0.146 0.394 0.460 0.061 0.122 0.817
   720 48455 12990  4367  8863    50  0.147 0.395 0.458 0.061 0.121 0.819
   725 48050 12911  4300  8755    50  0.148 0.391 0.461 0.061 0.118 0.821
   730 47994 12990  4306  8659    50  0.147 0.393 0.459 0.061 0.121 0.818
   735 47994 13013  4359  8927    50  0.146 0.396 0.457 0.062 0.125 0.813
   740 48715 13193  4263  8978    50  0.146 0.401 0.453 0.062 0.124 0.814
   745 48552 13313  4238  8833    50  0.147 0.399 0.454 0.061 0.123 0.816
   750 48676 13084  4239  8967    50  0.146 0.399 0.455 0.061 0.121 0.818
   755 48554 13077  4211  8945    50  0.146 0.398 0.455 0.061 0.123 0.816
   760 48497 13271  4224  8866    50  0.147 0.400 0.453 0.061 0.125 0.814
   765 48564 13045  4289  8905    50  0.147 0.399 0.455 0.062 0.122 0.817
   770 48303 13250  4300  8846    50  0.147 0.400 0.453 0.061 0.123 0.816
   775 48392 13252  4222  8878    50  0.146 0.399 0.455 0.061 0.124 0.815
   780 48302 13235  4249  8785    50  0.147 0.398 0.455 0.061 0.123 0.816
   785 48682 13167  4275  8959    50  0.148 0.397 0.455 0.061 0.122 0.817
   790 48994 13159  4334  9045    50  0.148 0.398 0.454 0.061 0.123 0.817
   795 48843 13274  4188  9058    50  0.148 0.400 0.452 0.060 0.121 0.818
   800 48449 13230  4301  8904    50  0.148 0.399 0.453 0.061 0.122 0.817
   805 48863 13047  4178  8972    50  0.148 0.400 0.451 0.062 0.124 0.815
   810 48873 13281  4284  8958    50  0.149 0.402 0.450 0.061 0.122 0.817
   815 48642 13210  4303  8877    50  0.149 0.399 0.453 0.061 0.121 0.818
   820 48755 12978  4258  8925    50  0.148 0.398 0.454 0.061 0.120 0.819
   825 48219 13106  4291  8700    50  0.148 0.395 0.457 0.062 0.119 0.819
   830 48140 12974  4223  8794    50  0.149 0.395 0.457 0.062 0.121 0.817
   835 48509 13006  4277  8917    50  0.148 0.398 0.455 0.062 0.122 0.817
   840 48357 13079  4187  8947    50  0.148 0.397 0.455 0.062 0.122 0.815
   845 48552 13154  4369  8848    50  0.147 0.398 0.454 0.062 0.123 0.815
   850 48539 13110  4277  8916    50  0.146 0.403 0.451 0.061 0.120 0.819
   855 48531 13197  4251  8791    50  0.145 0.399 0.456 0.061 0.119 0.820
   860 48442 13137  4355  8933    50  0.144 0.395 0.460 0.060 0.121 0.818
   865 48293 12916  4271  8681    50  0.145 0.395 0.460 0.061 0.120 0.819
   870 48469 13023  4291  8783    50  0.146 0.395 0.458 0.062 0.120 0.818
   875 48170 13122  4352  8746    50  0.147 0.397 0.456 0.061 0.120 0.819
   880 48288 13010  4308  8842    50  0.147 0.397 0.456 0.061 0.121 0.818
   885 48326 13020  4243  8842    50  0.148 0.396 0.456 0.060 0.119 0.821
   890 48226 13176  4280  8783    50  0.146 0.396 0.458 0.059 0.119 0.822
   895 48385 13138  4279  8914    50  0.147 0.399 0.455 0.061 0.122 0.818
   900 48487 13043  4196  8849    50  0.147 0.397 0.456 0.061 0.123 0.816
   905 48664 13287  4254  8890    50  0.147 0.398 0.456 0.061 0.121 0.819
   910 48837 13257  4259  8921    50  0.148 0.400 0.453 0.062 0.124 0.814
   915 48902 13228  4140  8896    50  0.147 0.401 0.451 0.061 0.121 0.818
   920 48415 13208  4259  8760    50  0.147 0.399 0.455 0.061 0.122 0.817
   925 48390 13146  4269  8993    50  0.146 0.399 0.455 0.061 0.124 0.815
   930 48723 13107  4273  8878    50  0.146 0.400 0.453 0.061 0.121 0.818
   935 48307 13186  4207  8765    50  0.146 0.402 0.451 0.062 0.124 0.814
   940 48779 12953  4351  8902    50  0.147 0.402 0.451 0.062 0.122 0.815
   945 48695 13384  4285  8984    50  0.148 0.400 0.453 0.060 0.123 0.817
   950 48726 13096  4208  8867    50  0.147 0.400 0.453 0.061 0.122 0.816
   955 48359 13037  4281  8851    50  0.147 0.400 0.453 0.061 0.121 0.819
   960 48233 13099  4228  8910    50  0.147 0.399 0.454 0.060 0.120 0.820
   965 48633 13238  4245  8917    50  0.148 0.399 0.453 0.060 0.120 0.820
   970 48106 13364  4152  8883    50  0.147 0.398 0.455 0.060 0.120 0.820
   975 48593 13104  4354  8987    50  0.146 0.398 0.456 0.060 0.122 0.818
   980 48329 13189  4220  8764    50  0.147 0.398 0.455 0.061 0.119 0.820
   985 48564 13030  4351  8918    50  0.148 0.398 0.454 0.061 0.121 0.818
   990 48352 13216  4210  8888    50  0.148 0.399 0.453 0.062 0.121 0.817
   995 48624 13165  4161  8862    50  0.147 0.401 0.452 0.061 0.121 0.818
  1000 48533 13089  4293  8881    50  0.148 0.400 0.452 0.061 0.124 0.814
