 nmt =               50
 dmf =      F
 dff =      F
 vgr =       0.100000001    
 lde =       0.750000000    
 theta =     0.500000000    
 sigma =     0.500000000    
 ssr =                1
 dr =        0.300000012    
 mr =         9.99999978E-03
 spdispr =           30
 gs =               300
 ini =            60000
 ngen =            2000
 Myseed =         84563
 nmap =              50
 Gen nind ndea nveg nspo num_mat veg_1 spo_1 mat_1 veg_2 spo_2 mat_2
     0 60000     0     0     0    50  0.333 0.334 0.334   NaN   NaN   NaN
     5 53537 14443  3953 10348    50  0.327 0.368 0.306 0.311 0.336 0.353
    10 54731 14747  3899 11054    50  0.313 0.391 0.296 0.307 0.367 0.327
    15 56827 15116  3832 11538    50  0.305 0.407 0.288 0.300 0.389 0.312
    20 57699 15647  3616 12061    50  0.300 0.420 0.279 0.296 0.405 0.299
    25 58915 15565  3603 12184    50  0.295 0.431 0.274 0.292 0.417 0.291
    30 59562 16047  3553 12451    50  0.293 0.438 0.269 0.289 0.427 0.284
    35 60129 16063  3581 12693    50  0.288 0.445 0.266 0.286 0.435 0.279
    40 60887 15961  3516 12846    50  0.287 0.450 0.264 0.284 0.441 0.276
    45 61275 16280  3411 12882    50  0.284 0.453 0.263 0.282 0.446 0.273
    50 61628 16306  3568 12965    50  0.282 0.456 0.262 0.280 0.449 0.272
    55 61509 16403  3368 13062    50  0.281 0.458 0.261 0.278 0.452 0.270
    60 61744 16591  3404 13058    50  0.280 0.460 0.261 0.278 0.454 0.268
    65 61711 16345  3315 13043    50  0.279 0.461 0.260 0.277 0.456 0.267
    70 61987 16601  3330 13104    50  0.278 0.462 0.261 0.276 0.457 0.267
    75 61948 16564  3391 13033    50  0.277 0.463 0.261 0.275 0.458 0.267
    80 62050 16696  3402 13098    50  0.276 0.463 0.261 0.275 0.459 0.266
    85 62344 16580  3482 13307    50  0.276 0.464 0.261 0.274 0.461 0.265
    90 62315 16667  3470 13034    50  0.275 0.464 0.260 0.274 0.461 0.265
    95 62468 16633  3388 13233    50  0.275 0.464 0.261 0.274 0.462 0.265
   100 62398 16646  3375 13174    50  0.274 0.465 0.261 0.273 0.462 0.265
   105 62347 16604  3367 13119    50  0.274 0.465 0.261 0.272 0.463 0.265
   110 62195 16571  3377 13206    50  0.273 0.465 0.262 0.272 0.463 0.265
   115 62160 16452  3443 13221    50  0.273 0.466 0.262 0.271 0.463 0.265
   120 62634 16588  3495 13425    50  0.273 0.466 0.262 0.271 0.464 0.265
   125 62604 16717  3325 13284    50  0.272 0.466 0.262 0.271 0.464 0.265
   130 62564 16607  3385 13294    50  0.272 0.466 0.262 0.271 0.464 0.266
   135 62380 16611  3379 13054    50  0.271 0.466 0.263 0.270 0.465 0.266
   140 62383 16687  3382 13280    50  0.271 0.466 0.263 0.269 0.465 0.266
   145 62554 16553  3491 13143    50  0.270 0.467 0.263 0.269 0.465 0.266
   150 62426 16802  3396 13217    50  0.270 0.467 0.263 0.269 0.465 0.266
   155 62356 16491  3440 13167    50  0.270 0.467 0.263 0.268 0.465 0.267
   160 62182 16589  3430 13041    50  0.269 0.467 0.264 0.268 0.465 0.267
   165 62456 16468  3337 13355    50  0.269 0.467 0.264 0.268 0.465 0.267
   170 62449 16515  3356 13237    50  0.269 0.467 0.264 0.267 0.465 0.267
   175 62638 16777  3321 13283    50  0.268 0.467 0.264 0.267 0.466 0.267
   180 62184 16606  3282 13226    50  0.268 0.467 0.264 0.267 0.466 0.268
   185 62648 16604  3327 13219    50  0.268 0.467 0.265 0.266 0.466 0.268
   190 62762 16602  3410 13409    50  0.267 0.468 0.265 0.266 0.466 0.268
   195 62237 16841  3379 13273    50  0.267 0.468 0.265 0.266 0.466 0.268
   200 62751 16547  3281 13300    50  0.267 0.468 0.265 0.265 0.467 0.268
   205 62757 16496  3257 13293    50  0.266 0.468 0.266 0.265 0.467 0.268
   210 62866 16400  3406 13384    50  0.266 0.468 0.266 0.265 0.467 0.269
   215 62660 16758  3341 13378    50  0.266 0.468 0.266 0.265 0.467 0.269
   220 62568 16774  3421 13285    50  0.266 0.468 0.266 0.264 0.467 0.269
   225 62777 16793  3403 13404    50  0.266 0.468 0.266 0.264 0.467 0.269
   230 62630 16552  3296 13288    50  0.265 0.468 0.266 0.264 0.467 0.269
   235 62743 16540  3402 13217    50  0.265 0.468 0.266 0.264 0.467 0.269
   240 62407 16724  3392 13146    50  0.265 0.468 0.267 0.264 0.467 0.269
   245 62447 16658  3353 13227    50  0.265 0.468 0.267 0.263 0.467 0.270
   250 62159 16663  3335 13150    50  0.264 0.469 0.267 0.263 0.467 0.270
   255 62428 16479  3342 13391    50  0.264 0.468 0.267 0.263 0.467 0.270
   260 62483 16723  3418 13194    50  0.264 0.469 0.267 0.263 0.467 0.270
   265 62400 16677  3360 13247    50  0.264 0.469 0.268 0.262 0.467 0.271
   270 62451 16732  3429 13291    50  0.263 0.469 0.268 0.262 0.467 0.271
   275 62618 16568  3379 13279    50  0.263 0.469 0.268 0.262 0.468 0.271
   280 62486 16567  3344 13398    50  0.263 0.469 0.268 0.261 0.468 0.271
   285 62665 16569  3345 13254    50  0.262 0.469 0.268 0.261 0.468 0.271
   290 62721 16524  3400 13302    50  0.262 0.469 0.269 0.261 0.468 0.271
   295 62408 16896  3440 13351    50  0.262 0.469 0.269 0.261 0.468 0.272
   300 62849 16656  3299 13253    50  0.261 0.470 0.269 0.260 0.468 0.272
   305 62603 16803  3467 13349    50  0.261 0.470 0.269 0.260 0.468 0.272
   310 62791 16667  3354 13314    50  0.261 0.470 0.270 0.259 0.468 0.272
   315 62437 16612  3382 13170    50  0.260 0.470 0.270 0.259 0.468 0.273
   320 62441 16735  3336 13309    50  0.260 0.470 0.270 0.259 0.468 0.273
   325 62553 16560  3372 13384    50  0.260 0.470 0.270 0.259 0.468 0.273
   330 62498 16703  3302 13396    50  0.260 0.470 0.270 0.258 0.468 0.273
   335 62548 16761  3478 13239    50  0.259 0.470 0.271 0.258 0.469 0.273
   340 62687 16676  3301 13392    50  0.259 0.470 0.271 0.258 0.469 0.274
   345 62683 16674  3407 13344    50  0.259 0.470 0.271 0.258 0.469 0.274
   350 62549 16612  3412 13271    50  0.259 0.470 0.271 0.257 0.469 0.274
   355 62527 16890  3382 13499    50  0.258 0.470 0.272 0.257 0.469 0.274
   360 62767 16606  3410 13409    50  0.258 0.470 0.272 0.257 0.469 0.274
   365 63140 16643  3382 13236    50  0.258 0.470 0.272 0.257 0.469 0.275
   370 62655 16779  3354 13256    50  0.258 0.470 0.272 0.256 0.469 0.275
   375 62577 16691  3356 13244    50  0.257 0.470 0.272 0.256 0.469 0.275
   380 62641 16500  3329 13298    50  0.257 0.470 0.272 0.256 0.469 0.275
   385 62831 16724  3354 13444    50  0.257 0.471 0.273 0.256 0.469 0.275
   390 62640 16706  3317 13378    50  0.257 0.471 0.273 0.255 0.469 0.276
   395 62736 16825  3389 13244    50  0.256 0.471 0.273 0.255 0.469 0.276
   400 62946 16742  3284 13439    50  0.256 0.471 0.273 0.255 0.469 0.276
   405 62799 16643  3347 13273    50  0.256 0.471 0.273 0.254 0.469 0.276
   410 62740 16775  3428 13475    50  0.255 0.471 0.274 0.254 0.469 0.277
   415 62735 16634  3391 13323    50  0.255 0.471 0.274 0.254 0.470 0.277
   420 62284 16726  3180 13247    50  0.255 0.471 0.274 0.254 0.470 0.277
   425 62521 16681  3311 13151    50  0.255 0.471 0.274 0.253 0.469 0.277
   430 62684 16545  3312 13388    50  0.255 0.471 0.274 0.254 0.469 0.277
   435 62487 16830  3286 13230    50  0.254 0.471 0.275 0.253 0.470 0.277
   440 62949 16660  3273 13223    50  0.254 0.471 0.275 0.253 0.470 0.278
   445 62740 16654  3329 13406    50  0.254 0.471 0.275 0.253 0.470 0.278
   450 62680 16898  3439 13375    50  0.253 0.471 0.275 0.252 0.470 0.278
   455 63107 16682  3427 13329    50  0.253 0.471 0.276 0.252 0.470 0.278
   460 62780 16648  3435 13431    50  0.253 0.472 0.276 0.251 0.470 0.279
   465 62735 16662  3423 13369    50  0.252 0.472 0.276 0.251 0.470 0.279
   470 62703 16788  3270 13402    50  0.252 0.472 0.276 0.251 0.470 0.279
   475 62984 16808  3388 13436    50  0.252 0.472 0.276 0.251 0.470 0.279
   480 62763 16819  3272 13441    50  0.252 0.472 0.277 0.250 0.470 0.280
   485 62764 16697  3366 13368    50  0.251 0.472 0.277 0.250 0.470 0.280
   490 62941 16823  3441 13336    50  0.251 0.472 0.277 0.250 0.470 0.280
   495 62825 16677  3323 13362    50  0.250 0.472 0.278 0.249 0.470 0.280
   500 62562 16591  3451 13367    50  0.250 0.472 0.278 0.249 0.470 0.281
   505 62790 16695  3290 13260    50  0.250 0.472 0.278 0.249 0.471 0.281
   510 62853 16821  3356 13471    50  0.250 0.472 0.278 0.248 0.470 0.281
   515 63029 16663  3358 13439    50  0.249 0.472 0.278 0.248 0.470 0.281
   520 62724 16730  3341 13144    50  0.249 0.472 0.279 0.248 0.471 0.281
   525 62571 16720  3345 13110    50  0.249 0.472 0.279 0.248 0.471 0.282
   530 62879 16623  3407 13528    50  0.249 0.472 0.279 0.248 0.471 0.281
   535 62864 16712  3320 13417    50  0.249 0.472 0.279 0.247 0.471 0.282
   540 62878 16729  3324 13407    50  0.248 0.472 0.279 0.247 0.471 0.282
   545 62708 16882  3326 13452    50  0.248 0.473 0.279 0.247 0.471 0.282
   550 62476 16643  3263 13226    50  0.248 0.473 0.279 0.246 0.471 0.283
   555 62726 16569  3369 13244    50  0.248 0.473 0.280 0.246 0.471 0.283
   560 62996 16691  3422 13492    50  0.247 0.473 0.280 0.246 0.471 0.283
   565 62921 16470  3319 13074    50  0.247 0.473 0.280 0.246 0.471 0.283
   570 62977 16699  3413 13369    50  0.246 0.473 0.281 0.245 0.471 0.283
   575 62989 16594  3305 13332    50  0.246 0.473 0.281 0.245 0.472 0.283
   580 62749 16738  3283 13267    50  0.246 0.473 0.281 0.245 0.472 0.284
   585 62860 16677  3398 13395    50  0.246 0.473 0.281 0.244 0.472 0.284
   590 62642 16725  3193 13310    50  0.245 0.473 0.281 0.244 0.472 0.284
   595 62980 16693  3385 13262    50  0.245 0.474 0.281 0.244 0.472 0.284
   600 62859 16780  3351 13441    50  0.245 0.473 0.282 0.244 0.472 0.284
   605 62785 16728  3192 13276    50  0.245 0.474 0.282 0.243 0.472 0.285
   610 62754 16787  3375 13195    50  0.244 0.474 0.282 0.243 0.472 0.285
   615 62704 16606  3315 13272    50  0.244 0.474 0.282 0.243 0.472 0.285
   620 62917 16817  3424 13326    50  0.244 0.474 0.282 0.242 0.472 0.285
   625 62885 16716  3364 13238    50  0.244 0.474 0.282 0.242 0.473 0.285
   630 62674 16864  3325 13323    50  0.243 0.474 0.282 0.242 0.473 0.285
   635 63162 16696  3269 13363    50  0.243 0.474 0.283 0.242 0.473 0.285
   640 62923 16839  3345 13243    50  0.243 0.475 0.283 0.241 0.473 0.286
   645 62918 16601  3295 13352    50  0.242 0.475 0.283 0.241 0.473 0.286
   650 63032 16999  3311 13497    50  0.242 0.474 0.283 0.241 0.473 0.286
   655 62708 16726  3287 13236    50  0.242 0.474 0.284 0.240 0.473 0.287
   660 62892 16758  3214 13434    50  0.241 0.475 0.284 0.240 0.473 0.287
   665 62861 16458  3355 13367    50  0.241 0.475 0.284 0.240 0.473 0.287
   670 63220 16495  3330 13475    50  0.241 0.475 0.284 0.240 0.473 0.287
   675 63059 16610  3288 13334    50  0.241 0.475 0.284 0.240 0.474 0.287
   680 63178 16719  3283 13515    50  0.240 0.475 0.284 0.239 0.474 0.287
   685 62891 16812  3242 13564    50  0.240 0.475 0.285 0.239 0.474 0.288
   690 63159 16676  3242 13486    50  0.240 0.475 0.285 0.239 0.474 0.288
   695 62815 16836  3362 13367    50  0.240 0.475 0.285 0.238 0.474 0.288
   700 62989 16789  3383 13555    50  0.239 0.475 0.285 0.238 0.474 0.288
   705 62940 16576  3243 13521    50  0.239 0.475 0.286 0.238 0.474 0.288
   710 63034 16678  3300 13442    50  0.239 0.476 0.286 0.238 0.474 0.289
   715 63011 16756  3307 13258    50  0.238 0.476 0.286 0.237 0.474 0.289
   720 62922 16891  3352 13511    50  0.238 0.476 0.286 0.237 0.474 0.289
   725 63060 16941  3308 13499    50  0.238 0.476 0.287 0.236 0.474 0.289
   730 62956 16732  3376 13397    50  0.238 0.476 0.287 0.236 0.474 0.290
   735 62735 16778  3359 13406    50  0.237 0.476 0.287 0.236 0.474 0.290
   740 63079 16782  3280 13416    50  0.237 0.476 0.287 0.236 0.474 0.290
   745 63146 16789  3191 13584    50  0.236 0.476 0.287 0.235 0.475 0.290
   750 63082 16994  3421 13410    50  0.236 0.476 0.288 0.235 0.475 0.290
   755 62665 16787  3284 13276    50  0.236 0.476 0.288 0.235 0.475 0.291
   760 63225 16657  3291 13520    50  0.236 0.477 0.288 0.234 0.475 0.291
   765 63181 16865  3403 13440    50  0.235 0.476 0.288 0.234 0.475 0.291
   770 63151 16745  3282 13503    50  0.235 0.477 0.288 0.234 0.475 0.291
   775 63143 16779  3355 13451    50  0.235 0.477 0.288 0.234 0.475 0.291
   780 63107 16750  3360 13504    50  0.235 0.477 0.289 0.233 0.475 0.291
   785 62740 16972  3331 13193    50  0.235 0.477 0.289 0.233 0.475 0.292
   790 62887 16910  3240 13465    50  0.234 0.477 0.289 0.233 0.475 0.292
   795 63290 16667  3359 13511    50  0.234 0.477 0.289 0.233 0.475 0.292
   800 63053 16877  3311 13578    50  0.234 0.477 0.289 0.232 0.476 0.292
   805 63082 16753  3389 13543    50  0.233 0.477 0.289 0.232 0.476 0.292
   810 62871 16824  3408 13301    50  0.233 0.477 0.290 0.232 0.476 0.292
   815 63089 16744  3390 13504    50  0.233 0.477 0.290 0.231 0.476 0.293
   820 63140 16741  3404 13319    50  0.233 0.477 0.290 0.231 0.476 0.293
   825 63317 16875  3323 13459    50  0.232 0.478 0.290 0.231 0.476 0.293
   830 62998 16648  3376 13356    50  0.232 0.477 0.290 0.231 0.476 0.293
   835 63321 16822  3288 13532    50  0.232 0.478 0.291 0.230 0.476 0.293
   840 62991 16832  3174 13373    50  0.231 0.478 0.291 0.230 0.476 0.294
   845 63008 16802  3300 13482    50  0.231 0.478 0.292 0.230 0.476 0.294
   850 63138 16840  3279 13495    50  0.230 0.478 0.292 0.229 0.476 0.294
   855 63089 16808  3316 13491    50  0.230 0.478 0.292 0.229 0.476 0.295
   860 63124 16785  3355 13288    50  0.230 0.478 0.292 0.229 0.477 0.295
   865 63184 16776  3344 13443    50  0.230 0.478 0.292 0.228 0.477 0.295
   870 63187 16859  3328 13566    50  0.230 0.478 0.292 0.228 0.477 0.295
   875 63201 16854  3392 13521    50  0.229 0.478 0.292 0.228 0.477 0.295
   880 63095 16979  3339 13615    50  0.229 0.478 0.293 0.228 0.477 0.295
   885 62967 16850  3389 13569    50  0.228 0.478 0.293 0.227 0.477 0.296
   890 62986 16871  3248 13592    50  0.228 0.479 0.293 0.227 0.477 0.296
   895 63110 16720  3280 13337    50  0.228 0.479 0.293 0.227 0.477 0.296
   900 63226 16822  3340 13504    50  0.228 0.479 0.293 0.226 0.477 0.296
   905 63439 16692  3273 13602    50  0.227 0.479 0.294 0.226 0.478 0.296
   910 63078 16672  3255 13500    50  0.227 0.479 0.294 0.226 0.477 0.297
   915 63255 16637  3252 13370    50  0.227 0.479 0.294 0.226 0.477 0.297
   920 63315 16836  3392 13439    50  0.226 0.479 0.294 0.225 0.478 0.297
   925 63292 16733  3347 13563    50  0.226 0.479 0.295 0.225 0.478 0.297
   930 63399 16691  3291 13631    50  0.226 0.479 0.295 0.225 0.478 0.297
   935 63029 16803  3360 13485    50  0.225 0.480 0.295 0.224 0.478 0.298
   940 63223 16909  3334 13460    50  0.225 0.480 0.295 0.224 0.478 0.298
   945 63260 16806  3235 13520    50  0.225 0.479 0.296 0.224 0.478 0.298
   950 63081 17062  3382 13501    50  0.225 0.480 0.296 0.223 0.478 0.298
   955 63192 16814  3336 13389    50  0.224 0.480 0.296 0.223 0.478 0.299
   960 63283 16688  3380 13493    50  0.224 0.480 0.296 0.223 0.478 0.299
   965 63188 17040  3274 13488    50  0.224 0.480 0.297 0.223 0.478 0.299
   970 63183 16797  3281 13653    50  0.223 0.480 0.297 0.222 0.479 0.299
   975 63234 16927  3320 13546    50  0.223 0.480 0.297 0.222 0.479 0.300
   980 63215 16933  3321 13591    50  0.223 0.480 0.297 0.221 0.478 0.300
   985 63640 16737  3390 13651    50  0.223 0.480 0.297 0.221 0.479 0.300
   990 63230 16732  3289 13434    50  0.222 0.480 0.297 0.221 0.479 0.300
   995 63618 16720  3327 13574    50  0.222 0.480 0.298 0.221 0.479 0.300
  1000 63223 16772  3327 13564    50  0.222 0.480 0.298 0.221 0.478 0.301
  1005 63341 16660  3231 13531    50  0.222 0.480 0.298 0.220 0.479 0.301
  1010 63328 16866  3439 13435    50  0.221 0.480 0.298 0.220 0.479 0.301
  1015 63399 16561  3189 13444    50  0.221 0.480 0.298 0.220 0.479 0.301
  1020 63337 16641  3268 13495    50  0.221 0.481 0.299 0.220 0.479 0.301
  1025 63111 16896  3302 13422    50  0.220 0.481 0.299 0.219 0.479 0.302
  1030 63178 16801  3258 13465    50  0.220 0.481 0.299 0.219 0.479 0.302
  1035 63357 16723  3339 13324    50  0.220 0.481 0.299 0.219 0.479 0.302
  1040 63302 16881  3263 13407    50  0.220 0.480 0.300 0.219 0.479 0.302
  1045 63507 16921  3236 13695    50  0.220 0.481 0.300 0.218 0.479 0.303
  1050 63330 16962  3352 13619    50  0.219 0.481 0.300 0.218 0.479 0.303
  1055 63433 16705  3269 13412    50  0.219 0.480 0.300 0.218 0.479 0.303
  1060 63492 16812  3303 13556    50  0.219 0.481 0.300 0.217 0.479 0.303
  1065 63557 16903  3227 13474    50  0.218 0.481 0.301 0.217 0.479 0.303
  1070 63445 16792  3270 13602    50  0.218 0.481 0.301 0.217 0.479 0.304
  1075 63493 16832  3239 13584    50  0.218 0.481 0.301 0.217 0.479 0.304
  1080 62991 16986  3373 13526    50  0.218 0.481 0.301 0.217 0.479 0.304
  1085 63231 16796  3351 13478    50  0.218 0.481 0.302 0.217 0.479 0.304
  1090 63551 16897  3327 13549    50  0.218 0.481 0.302 0.216 0.479 0.304
  1095 63407 17034  3369 13718    50  0.217 0.481 0.302 0.216 0.480 0.305
  1100 63300 16798  3311 13502    50  0.217 0.481 0.302 0.216 0.479 0.305
  1105 63263 16996  3289 13650    50  0.217 0.481 0.302 0.216 0.480 0.305
  1110 63383 16767  3296 13431    50  0.217 0.481 0.302 0.215 0.479 0.305
  1115 63759 16691  3452 13608    50  0.216 0.481 0.302 0.215 0.480 0.305
  1120 63426 16788  3268 13545    50  0.216 0.481 0.303 0.215 0.480 0.306
  1125 63477 16900  3248 13541    50  0.216 0.481 0.303 0.215 0.480 0.306
  1130 63220 16961  3243 13534    50  0.215 0.481 0.303 0.214 0.480 0.306
  1135 63330 16807  3185 13638    50  0.215 0.481 0.303 0.214 0.480 0.306
  1140 63261 16870  3303 13483    50  0.215 0.481 0.304 0.214 0.480 0.307
  1145 63441 16632  3324 13280    50  0.214 0.482 0.304 0.213 0.480 0.307
  1150 63382 16850  3262 13546    50  0.214 0.482 0.304 0.213 0.480 0.307
  1155 63402 16803  3240 13504    50  0.214 0.482 0.304 0.213 0.480 0.307
  1160 63625 16824  3414 13691    50  0.214 0.482 0.304 0.212 0.480 0.307
  1165 63425 16830  3331 13630    50  0.214 0.482 0.305 0.212 0.481 0.307
  1170 63330 17001  3332 13679    50  0.213 0.482 0.305 0.212 0.481 0.307
  1175 63305 16706  3278 13371    50  0.213 0.482 0.305 0.212 0.481 0.307
  1180 63186 16977  3348 13443    50  0.213 0.482 0.305 0.211 0.481 0.308
  1185 63450 16699  3252 13489    50  0.212 0.482 0.305 0.211 0.481 0.308
  1190 63354 17002  3302 13611    50  0.212 0.482 0.305 0.211 0.481 0.308
  1195 63540 16957  3332 13662    50  0.212 0.483 0.306 0.211 0.481 0.308
  1200 63550 16801  3313 13536    50  0.212 0.483 0.306 0.210 0.481 0.308
  1205 63364 16902  3359 13467    50  0.211 0.483 0.306 0.210 0.481 0.309
  1210 63689 16891  3236 13621    50  0.211 0.483 0.306 0.210 0.481 0.309
  1215 63685 16977  3284 13513    50  0.211 0.483 0.306 0.210 0.481 0.309
  1220 63442 16887  3264 13515    50  0.211 0.483 0.306 0.210 0.481 0.309
  1225 63736 16604  3324 13539    50  0.210 0.483 0.306 0.209 0.482 0.309
  1230 63243 16949  3151 13614    50  0.210 0.483 0.307 0.209 0.482 0.310
  1235 63275 16945  3259 13649    50  0.210 0.483 0.307 0.209 0.482 0.310
  1240 63191 16962  3304 13576    50  0.209 0.483 0.307 0.208 0.482 0.310
  1245 63715 17067  3395 13680    50  0.209 0.483 0.307 0.208 0.482 0.310
  1250 63589 17053  3297 13635    50  0.209 0.483 0.308 0.208 0.482 0.310
  1255 63524 16807  3312 13571    50  0.209 0.484 0.308 0.207 0.482 0.311
  1260 63387 16738  3240 13404    50  0.208 0.484 0.308 0.207 0.482 0.311
  1265 63528 16836  3304 13636    50  0.208 0.484 0.309 0.207 0.482 0.311
  1270 63413 16737  3339 13673    50  0.208 0.484 0.309 0.206 0.482 0.312
  1275 63225 17004  3231 13543    50  0.208 0.484 0.309 0.206 0.482 0.312
  1280 63419 16830  3165 13719    50  0.207 0.484 0.309 0.206 0.482 0.312
  1285 63905 17122  3256 13772    50  0.207 0.484 0.309 0.206 0.482 0.312
  1290 63294 16885  3344 13417    50  0.207 0.484 0.309 0.206 0.482 0.312
  1295 63316 17015  3257 13589    50  0.206 0.484 0.310 0.205 0.482 0.312
  1300 63497 17009  3346 13664    50  0.206 0.484 0.310 0.205 0.483 0.313
  1305 63446 16990  3248 13673    50  0.206 0.484 0.310 0.204 0.483 0.313
  1310 63442 17028  3268 13530    50  0.205 0.484 0.310 0.204 0.483 0.313
  1315 63594 16797  3335 13677    50  0.205 0.484 0.311 0.204 0.483 0.313
  1320 63735 16744  3201 13857    50  0.205 0.484 0.311 0.203 0.483 0.314
  1325 63552 16845  3263 13586    50  0.204 0.485 0.311 0.203 0.483 0.314
  1330 63746 16690  3338 13693    50  0.204 0.485 0.311 0.202 0.483 0.314
  1335 63549 16966  3232 13410    50  0.203 0.485 0.311 0.202 0.483 0.315
  1340 63417 16796  3264 13599    50  0.203 0.485 0.312 0.202 0.484 0.315
  1345 63314 16714  3287 13575    50  0.203 0.485 0.312 0.201 0.484 0.315
  1350 63480 16994  3377 13474    50  0.203 0.485 0.313 0.201 0.483 0.315
  1355 63594 16927  3209 13498    50  0.202 0.485 0.313 0.201 0.484 0.315
  1360 63873 16764  3240 13529    50  0.202 0.485 0.313 0.201 0.483 0.316
  1365 63611 16937  3309 13632    50  0.202 0.485 0.313 0.200 0.484 0.316
  1370 63758 16884  3303 13541    50  0.201 0.485 0.313 0.200 0.484 0.316
  1375 63603 16773  3328 13607    50  0.201 0.485 0.314 0.200 0.484 0.317
  1380 63366 16923  3315 13568    50  0.201 0.485 0.314 0.200 0.484 0.317
  1385 63774 16901  3261 13478    50  0.200 0.485 0.314 0.199 0.484 0.317
  1390 63461 16884  3130 13615    50  0.200 0.485 0.315 0.199 0.484 0.317
  1395 63350 17100  3308 13594    50  0.200 0.485 0.315 0.199 0.484 0.317
  1400 63691 16712  3328 13751    50  0.200 0.485 0.315 0.199 0.484 0.318
  1405 63294 17086  3358 13685    50  0.200 0.485 0.315 0.198 0.484 0.318
  1410 63634 16796  3104 13710    50  0.199 0.485 0.315 0.198 0.484 0.318
  1415 63527 16786  3285 13586    50  0.199 0.485 0.316 0.198 0.484 0.318
  1420 63595 16744  3268 13644    50  0.199 0.485 0.316 0.198 0.484 0.318
  1425 63747 16648  3312 13702    50  0.199 0.485 0.316 0.198 0.484 0.319
  1430 63557 16880  3166 13619    50  0.198 0.485 0.316 0.197 0.484 0.319
  1435 63796 16867  3298 13635    50  0.198 0.486 0.316 0.197 0.484 0.319
  1440 63638 16958  3244 13671    50  0.198 0.486 0.317 0.197 0.484 0.319
  1445 63546 16947  3238 13711    50  0.197 0.486 0.317 0.196 0.484 0.320
  1450 63644 16848  3284 13563    50  0.197 0.486 0.317 0.196 0.484 0.320
  1455 64053 16994  3289 13815    50  0.197 0.486 0.317 0.195 0.485 0.320
  1460 63515 16913  3222 13517    50  0.196 0.486 0.318 0.195 0.485 0.321
  1465 63619 16899  3318 13649    50  0.196 0.486 0.318 0.195 0.485 0.321
  1470 63317 17097  3194 13492    50  0.196 0.486 0.318 0.194 0.485 0.321
  1475 63726 16891  3297 13664    50  0.196 0.486 0.318 0.194 0.485 0.321
  1480 63555 16910  3274 13643    50  0.195 0.486 0.318 0.194 0.485 0.321
  1485 63686 17022  3351 13705    50  0.195 0.486 0.319 0.194 0.485 0.322
  1490 63548 16982  3202 13643    50  0.195 0.486 0.319 0.194 0.485 0.322
  1495 63628 16861  3248 13586    50  0.194 0.486 0.319 0.193 0.485 0.322
  1500 64041 16794  3333 13675    50  0.194 0.486 0.320 0.193 0.485 0.322
  1505 63538 17058  3301 13511    50  0.194 0.486 0.320 0.193 0.485 0.323
  1510 63730 16766  3295 13605    50  0.194 0.486 0.320 0.192 0.485 0.323
  1515 63741 16884  3281 13611    50  0.193 0.486 0.320 0.192 0.485 0.323
  1520 63844 16816  3274 13782    50  0.193 0.486 0.320 0.192 0.485 0.323
  1525 63538 16892  3257 13621    50  0.193 0.486 0.321 0.192 0.485 0.323
  1530 63675 17035  3241 13720    50  0.193 0.486 0.321 0.192 0.485 0.324
  1535 63805 17032  3342 13691    50  0.193 0.486 0.321 0.191 0.485 0.324
  1540 63709 16918  3239 13839    50  0.193 0.486 0.321 0.191 0.485 0.324
  1545 63601 17006  3300 13767    50  0.193 0.486 0.321 0.191 0.485 0.324
  1550 63649 16903  3300 13655    50  0.192 0.486 0.321 0.191 0.485 0.324
  1555 63448 16879  3311 13520    50  0.192 0.486 0.322 0.191 0.485 0.324
  1560 63763 16961  3309 13650    50  0.192 0.486 0.322 0.190 0.485 0.325
  1565 63899 16722  3248 13614    50  0.192 0.486 0.322 0.190 0.485 0.325
  1570 63779 17203  3244 13606    50  0.191 0.487 0.322 0.190 0.485 0.325
  1575 63559 16717  3267 13677    50  0.191 0.486 0.322 0.190 0.485 0.325
  1580 63701 16945  3267 13747    50  0.191 0.487 0.323 0.190 0.485 0.325
  1585 63900 16922  3246 13750    50  0.190 0.487 0.323 0.189 0.485 0.325
  1590 63564 17018  3330 13681    50  0.190 0.487 0.323 0.189 0.486 0.326
  1595 63671 16818  3267 13626    50  0.190 0.487 0.323 0.189 0.486 0.325
  1600 63586 16858  3218 13636    50  0.189 0.487 0.323 0.188 0.486 0.326
  1605 63615 16785  3244 13649    50  0.189 0.487 0.323 0.188 0.486 0.326
  1610 63777 16913  3211 13603    50  0.189 0.488 0.324 0.188 0.486 0.326
  1615 63758 16913  3281 13653    50  0.189 0.488 0.324 0.187 0.486 0.327
  1620 63921 16722  3334 13648    50  0.188 0.488 0.324 0.187 0.486 0.327
  1625 63722 16883  3225 13685    50  0.188 0.488 0.324 0.187 0.486 0.327
  1630 63807 16831  3211 13813    50  0.187 0.488 0.325 0.186 0.487 0.327
  1635 63777 16883  3249 13712    50  0.187 0.488 0.325 0.186 0.487 0.327
  1640 63370 17103  3219 13605    50  0.187 0.488 0.325 0.186 0.487 0.328
  1645 63959 16854  3219 13685    50  0.187 0.488 0.325 0.186 0.487 0.328
  1650 63856 16935  3317 13838    50  0.187 0.488 0.325 0.185 0.487 0.328
  1655 63801 17126  3232 13718    50  0.186 0.488 0.326 0.185 0.487 0.328
  1660 63648 16811  3257 13424    50  0.186 0.488 0.326 0.185 0.487 0.329
  1665 63747 16873  3290 13564    50  0.186 0.488 0.326 0.184 0.487 0.329
  1670 63646 16951  3194 13568    50  0.186 0.488 0.326 0.184 0.487 0.329
  1675 64064 16981  3253 13802    50  0.185 0.488 0.327 0.184 0.487 0.329
  1680 63953 16942  3274 13637    50  0.185 0.488 0.327 0.184 0.487 0.330
  1685 63938 16906  3371 13540    50  0.185 0.488 0.327 0.183 0.487 0.330
  1690 63707 16934  3244 13831    50  0.184 0.489 0.327 0.183 0.487 0.330
  1695 63770 16896  3264 13699    50  0.184 0.489 0.327 0.183 0.487 0.330
  1700 63920 16838  3408 13702    50  0.184 0.489 0.328 0.183 0.487 0.330
  1705 63726 17182  3289 13632    50  0.184 0.489 0.328 0.182 0.487 0.330
  1710 63970 16880  3336 13767    50  0.183 0.489 0.328 0.182 0.487 0.331
  1715 63451 17179  3312 13837    50  0.183 0.489 0.328 0.182 0.487 0.331
  1720 63686 16785  3325 13685    50  0.182 0.489 0.329 0.181 0.488 0.331
  1725 63779 16839  3232 13727    50  0.182 0.489 0.329 0.181 0.487 0.332
  1730 63906 17032  3323 13646    50  0.182 0.489 0.329 0.180 0.487 0.332
  1735 63809 17003  3272 13721    50  0.182 0.489 0.330 0.180 0.487 0.332
  1740 64268 16792  3459 13759    50  0.181 0.489 0.330 0.180 0.487 0.333
  1745 63732 16940  3290 13638    50  0.181 0.489 0.330 0.180 0.487 0.333
  1750 63810 16992  3310 13798    50  0.181 0.489 0.330 0.180 0.487 0.333
  1755 63604 16941  3282 13666    50  0.181 0.489 0.331 0.179 0.487 0.333
  1760 63605 16808  3191 13525    50  0.180 0.489 0.331 0.179 0.487 0.333
  1765 63823 17005  3294 13747    50  0.180 0.489 0.331 0.179 0.487 0.334
  1770 63937 16977  3328 13713    50  0.180 0.489 0.331 0.179 0.487 0.334
  1775 63767 16919  3175 13620    50  0.180 0.489 0.332 0.178 0.487 0.334
  1780 64033 16821  3259 13731    50  0.179 0.489 0.332 0.178 0.488 0.335
  1785 64013 16982  3285 13733    50  0.179 0.489 0.332 0.177 0.487 0.335
  1790 63983 16856  3358 13703    50  0.178 0.489 0.332 0.177 0.488 0.335
  1795 63627 16856  3288 13589    50  0.178 0.489 0.333 0.177 0.488 0.335
  1800 63567 17172  3234 13804    50  0.178 0.489 0.333 0.177 0.488 0.336
  1805 63920 17098  3266 13619    50  0.178 0.489 0.333 0.176 0.488 0.336
  1810 63913 16934  3325 13710    50  0.177 0.489 0.334 0.176 0.488 0.336
  1815 63963 16977  3292 13787    50  0.177 0.489 0.334 0.176 0.488 0.337
  1820 64081 16914  3306 13717    50  0.177 0.489 0.334 0.175 0.488 0.337
  1825 63835 16821  3258 13632    50  0.176 0.490 0.334 0.175 0.488 0.337
  1830 63921 16944  3286 13846    50  0.176 0.490 0.334 0.175 0.488 0.337
  1835 63909 16867  3249 13586    50  0.176 0.490 0.334 0.174 0.489 0.337
  1840 63926 16871  3284 13708    50  0.175 0.490 0.334 0.174 0.488 0.337
  1845 64033 16992  3277 13805    50  0.176 0.490 0.335 0.174 0.489 0.337
  1850 63810 16794  3296 13526    50  0.175 0.490 0.335 0.174 0.489 0.337
  1855 63762 16904  3189 13714    50  0.175 0.490 0.335 0.174 0.489 0.338
  1860 64004 17120  3336 13689    50  0.174 0.490 0.335 0.173 0.489 0.338
  1865 63311 17017  3349 13424    50  0.174 0.491 0.335 0.173 0.489 0.338
  1870 63633 16871  3332 13781    50  0.174 0.491 0.336 0.172 0.489 0.339
  1875 63746 17049  3238 13555    50  0.173 0.491 0.336 0.172 0.489 0.339
  1880 63955 16863  3309 13734    50  0.173 0.491 0.336 0.172 0.489 0.339
  1885 64129 16915  3244 13805    50  0.173 0.491 0.337 0.171 0.489 0.339
  1890 64331 16881  3251 13817    50  0.172 0.491 0.337 0.171 0.489 0.339
  1895 64116 17089  3357 13600    50  0.172 0.491 0.337 0.171 0.490 0.340
  1900 63950 17060  3308 13734    50  0.172 0.491 0.337 0.171 0.490 0.340
  1905 63911 16937  3325 13813    50  0.171 0.491 0.337 0.170 0.490 0.340
  1910 63906 16906  3294 13796    50  0.171 0.491 0.338 0.170 0.490 0.340
  1915 63878 16952  3133 13562    50  0.171 0.491 0.338 0.170 0.490 0.341
  1920 64076 17129  3294 13923    50  0.171 0.491 0.338 0.169 0.490 0.340
  1925 64267 16995  3243 13893    50  0.170 0.491 0.338 0.169 0.490 0.341
  1930 64493 16819  3110 13801    50  0.170 0.492 0.338 0.169 0.490 0.341
  1935 63811 17104  3249 13634    50  0.170 0.492 0.339 0.168 0.490 0.342
  1940 64010 16963  3274 13603    50  0.169 0.492 0.339 0.168 0.490 0.342
  1945 63878 17047  3142 13784    50  0.169 0.492 0.339 0.168 0.490 0.342
  1950 63959 16902  3244 13727    50  0.169 0.492 0.339 0.168 0.490 0.342
  1955 63789 17214  3225 13674    50  0.168 0.492 0.340 0.167 0.490 0.342
  1960 63986 16993  3302 13751    50  0.168 0.492 0.340 0.167 0.491 0.343
  1965 64081 17082  3238 13859    50  0.168 0.492 0.340 0.167 0.491 0.343
  1970 64090 17197  3286 13746    50  0.168 0.492 0.340 0.166 0.491 0.343
  1975 64147 16950  3320 13626    50  0.167 0.492 0.341 0.166 0.491 0.343
  1980 63987 17037  3327 13681    50  0.167 0.492 0.341 0.165 0.491 0.344
  1985 63967 16966  3137 13780    50  0.167 0.492 0.341 0.165 0.491 0.344
  1990 63736 16965  3204 13680    50  0.166 0.492 0.342 0.165 0.491 0.344
  1995 63856 17011  3261 13852    50  0.166 0.492 0.342 0.165 0.491 0.344
  2000 64073 17004  3368 13935    50  0.166 0.492 0.342 0.165 0.491 0.344
