 nmt =               50
 dmf =      F
 dff =      F
 vgr =       0.100000001    
 lde =       0.949999988    
 theta =     0.500000000    
 sigma =     0.500000000    
 ssr =                1
 dr =        0.300000012    
 mr =         9.99999978E-03
 spdispr =           30
 gs =               300
 ini =            60000
 ngen =            2000
 Myseed =         84563
 nmap =              50
 Gen nind ndea nveg nspo num_mat veg_1 spo_1 mat_1 veg_2 spo_2 mat_2
     0 60000     0     0     0    50  0.334 0.333 0.333   NaN   NaN   NaN
     5 53792 14397  4032 10627    50  0.328 0.370 0.302 0.311 0.336 0.353
    10 55548 14789  3936 11226    50  0.317 0.397 0.287 0.308 0.370 0.323
    15 57603 15083  3812 12058    50  0.307 0.422 0.271 0.300 0.398 0.302
    20 59083 15749  3734 12542    50  0.297 0.445 0.258 0.293 0.420 0.286
    25 61067 16091  3506 13099    50  0.287 0.468 0.245 0.284 0.446 0.270
    30 62390 16575  3459 13303    50  0.279 0.487 0.234 0.274 0.466 0.259
    35 63470 16874  3295 13698    50  0.272 0.503 0.224 0.268 0.484 0.248
    40 64736 16982  3258 14010    50  0.266 0.519 0.215 0.263 0.498 0.239
    45 65451 17262  3166 14306    50  0.259 0.533 0.208 0.256 0.513 0.231
    50 66332 17362  3074 14607    50  0.253 0.544 0.203 0.249 0.527 0.223
    55 66812 17591  3052 14679    50  0.246 0.557 0.197 0.244 0.539 0.218
    60 67381 17727  3001 14775    50  0.241 0.567 0.192 0.239 0.549 0.212
    65 67516 18040  2929 14926    50  0.235 0.577 0.188 0.234 0.559 0.207
    70 68463 18077  3031 15301    50  0.232 0.584 0.184 0.228 0.570 0.203
    75 68849 18326  2966 15333    50  0.227 0.592 0.181 0.225 0.577 0.198
    80 68878 18281  2849 15536    50  0.223 0.599 0.178 0.220 0.585 0.194
    85 69258 18212  2783 15612    50  0.218 0.607 0.175 0.215 0.592 0.193
    90 69535 18530  2794 15599    50  0.215 0.613 0.172 0.213 0.599 0.188
    95 69970 18462  2746 15852    50  0.210 0.619 0.171 0.210 0.605 0.186
   100 69958 18528  2726 15650    50  0.207 0.623 0.170 0.206 0.611 0.183
   105 70320 18899  2790 15973    50  0.204 0.628 0.168 0.203 0.615 0.182
   110 70647 18528  2774 15739    50  0.202 0.632 0.166 0.201 0.620 0.179
   115 70385 18554  2719 15710    50  0.200 0.636 0.164 0.199 0.623 0.178
   120 70926 18786  2649 16166    50  0.198 0.639 0.163 0.196 0.627 0.176
   125 71027 18582  2707 16054    50  0.195 0.642 0.162 0.194 0.632 0.175
   130 71124 18708  2664 16175    50  0.194 0.646 0.161 0.192 0.635 0.173
   135 71163 18711  2807 16078    50  0.192 0.649 0.160 0.190 0.639 0.172
   140 71244 18774  2806 15971    50  0.190 0.652 0.158 0.188 0.642 0.170
   145 71354 18924  2690 16259    50  0.188 0.654 0.157 0.187 0.645 0.169
   150 71433 19160  2695 16245    50  0.187 0.657 0.156 0.185 0.648 0.167
   155 71685 18801  2793 16359    50  0.185 0.659 0.156 0.183 0.650 0.167
   160 71665 18950  2719 16173    50  0.184 0.660 0.155 0.182 0.652 0.166
   165 71548 18983  2625 16317    50  0.183 0.662 0.155 0.181 0.653 0.166
   170 71865 18913  2670 16333    50  0.181 0.664 0.155 0.180 0.654 0.165
   175 71953 18912  2526 16248    50  0.181 0.665 0.155 0.179 0.656 0.165
   180 71794 18897  2611 16302    50  0.180 0.666 0.154 0.179 0.657 0.164
   185 72248 18879  2667 16396    50  0.179 0.668 0.154 0.177 0.658 0.164
   190 72209 19046  2624 16540    50  0.178 0.668 0.154 0.176 0.661 0.163
   195 72213 18678  2653 16387    50  0.177 0.670 0.153 0.175 0.662 0.163
   200 72310 19125  2677 16426    50  0.176 0.671 0.153 0.174 0.664 0.162
   205 72007 18927  2634 16181    50  0.175 0.673 0.152 0.173 0.665 0.162
   210 72473 19114  2726 16617    50  0.174 0.674 0.152 0.172 0.666 0.162
   215 72274 19083  2622 16530    50  0.173 0.675 0.152 0.171 0.668 0.161
   220 72306 19083  2644 16586    50  0.172 0.676 0.151 0.170 0.669 0.161
   225 72392 19073  2706 16482    50  0.172 0.677 0.151 0.170 0.670 0.160
   230 72539 19132  2622 16610    50  0.171 0.678 0.151 0.169 0.671 0.160
   235 72343 19158  2617 16460    50  0.171 0.678 0.151 0.169 0.670 0.161
   240 72333 18898  2610 16466    50  0.170 0.679 0.151 0.168 0.672 0.161
   245 72636 19067  2608 16624    50  0.169 0.680 0.151 0.167 0.673 0.160
   250 72500 19151  2617 16610    50  0.169 0.680 0.151 0.167 0.673 0.160
   255 72485 19217  2694 16406    50  0.169 0.681 0.151 0.166 0.674 0.160
   260 72656 18974  2553 16548    50  0.168 0.681 0.151 0.166 0.675 0.160
   265 72438 19254  2527 16336    50  0.168 0.681 0.151 0.166 0.675 0.159
   270 72480 19242  2606 16659    50  0.166 0.682 0.151 0.165 0.676 0.159
   275 72672 18921  2528 16570    50  0.166 0.683 0.151 0.164 0.676 0.160
   280 72501 19066  2508 16424    50  0.165 0.684 0.152 0.163 0.678 0.159
   285 72487 19274  2671 16616    50  0.164 0.684 0.151 0.163 0.677 0.160
   290 72528 19125  2571 16643    50  0.164 0.684 0.151 0.162 0.678 0.160
   295 72599 19203  2605 16524    50  0.164 0.684 0.152 0.162 0.679 0.160
   300 72907 19125  2594 16665    50  0.163 0.685 0.152 0.161 0.678 0.161
   305 72744 19089  2491 16484    50  0.163 0.686 0.152 0.161 0.679 0.160
   310 72574 19165  2560 16576    50  0.162 0.687 0.151 0.160 0.680 0.160
   315 72674 19245  2528 16634    50  0.161 0.687 0.151 0.160 0.681 0.160
   320 72720 19136  2548 16635    50  0.160 0.688 0.152 0.159 0.681 0.160
   325 72823 19302  2636 16495    50  0.160 0.689 0.151 0.158 0.682 0.160
   330 72686 19300  2672 16541    50  0.159 0.689 0.152 0.157 0.683 0.160
   335 72704 19216  2543 16595    50  0.159 0.690 0.151 0.157 0.683 0.159
   340 72758 19003  2563 16411    50  0.158 0.691 0.151 0.157 0.684 0.159
   345 72972 19224  2651 16411    50  0.158 0.691 0.151 0.156 0.685 0.159
   350 72876 19218  2669 16563    50  0.157 0.692 0.151 0.155 0.685 0.159
   355 72927 19151  2537 16599    50  0.157 0.692 0.151 0.155 0.686 0.159
   360 72958 19377  2560 16608    50  0.156 0.693 0.151 0.154 0.687 0.159
   365 73033 19132  2591 16672    50  0.156 0.693 0.151 0.154 0.687 0.159
   370 72994 19057  2566 16748    50  0.156 0.693 0.151 0.154 0.687 0.159
   375 73108 19253  2519 16716    50  0.155 0.694 0.151 0.153 0.688 0.159
   380 72822 19120  2527 16644    50  0.155 0.695 0.151 0.152 0.689 0.159
   385 72871 19318  2549 16577    50  0.154 0.695 0.151 0.152 0.689 0.159
   390 72946 19255  2540 16735    50  0.153 0.695 0.151 0.151 0.690 0.159
   395 72979 19125  2608 16678    50  0.153 0.696 0.151 0.151 0.690 0.159
   400 73149 19370  2570 16647    50  0.152 0.696 0.152 0.150 0.690 0.159
   405 73060 19532  2447 16809    50  0.152 0.697 0.152 0.151 0.690 0.159
   410 73001 19207  2617 16544    50  0.151 0.697 0.152 0.150 0.691 0.159
   415 73182 19216  2599 16645    50  0.151 0.697 0.152 0.149 0.691 0.160
   420 73028 19174  2609 16664    50  0.150 0.697 0.152 0.149 0.691 0.160
   425 72909 19232  2537 16657    50  0.150 0.697 0.153 0.148 0.692 0.160
   430 72577 19372  2591 16658    50  0.150 0.698 0.152 0.147 0.693 0.160
   435 73300 19076  2546 16581    50  0.149 0.699 0.152 0.147 0.693 0.160
   440 73149 19275  2442 16786    50  0.148 0.699 0.153 0.146 0.693 0.161
   445 73202 19191  2515 16796    50  0.148 0.699 0.153 0.146 0.694 0.160
   450 73121 19404  2508 16590    50  0.148 0.700 0.153 0.145 0.694 0.161
   455 73404 19366  2502 16778    50  0.147 0.700 0.153 0.145 0.694 0.161
   460 73297 19356  2508 16683    50  0.147 0.700 0.153 0.145 0.694 0.160
   465 73361 19347  2513 16777    50  0.146 0.701 0.153 0.145 0.695 0.161
   470 72995 19625  2593 16623    50  0.146 0.701 0.152 0.144 0.695 0.161
   475 73157 19196  2503 16768    50  0.146 0.701 0.153 0.143 0.696 0.161
   480 73266 19283  2458 16822    50  0.146 0.702 0.153 0.143 0.696 0.161
   485 73097 19344  2508 16806    50  0.145 0.702 0.153 0.143 0.696 0.161
   490 73125 19246  2467 16695    50  0.144 0.703 0.153 0.142 0.697 0.161
   495 73161 19313  2549 16717    50  0.144 0.703 0.153 0.142 0.698 0.161
   500 73231 19367  2573 16816    50  0.143 0.703 0.153 0.141 0.698 0.161
   505 73340 19276  2601 16873    50  0.143 0.703 0.154 0.141 0.698 0.161
   510 73344 19191  2471 16718    50  0.142 0.704 0.154 0.140 0.698 0.162
   515 73373 19211  2582 16690    50  0.142 0.705 0.153 0.140 0.699 0.162
   520 73464 19271  2498 16894    50  0.141 0.705 0.154 0.140 0.699 0.161
   525 73548 19295  2607 16748    50  0.141 0.705 0.154 0.139 0.699 0.162
   530 73363 19321  2488 16765    50  0.141 0.705 0.154 0.138 0.699 0.162
   535 73275 19474  2493 16814    50  0.140 0.706 0.154 0.138 0.700 0.162
   540 73505 19422  2532 16869    50  0.139 0.706 0.155 0.137 0.701 0.162
   545 73352 19185  2537 16783    50  0.139 0.707 0.154 0.137 0.701 0.162
   550 73626 19298  2511 16910    50  0.138 0.707 0.155 0.137 0.701 0.162
   555 73484 19353  2446 16749    50  0.138 0.707 0.155 0.136 0.701 0.162
   560 73619 19197  2539 16851    50  0.137 0.708 0.155 0.135 0.702 0.163
   565 73379 19451  2493 16706    50  0.137 0.709 0.155 0.135 0.703 0.163
   570 73149 19247  2521 16732    50  0.137 0.709 0.155 0.134 0.703 0.163
   575 73381 19251  2490 16805    50  0.136 0.709 0.155 0.134 0.703 0.163
   580 73823 19200  2603 16909    50  0.136 0.709 0.155 0.134 0.703 0.163
   585 73349 19361  2565 16791    50  0.135 0.709 0.156 0.134 0.704 0.163
   590 73532 19506  2521 16995    50  0.135 0.710 0.155 0.133 0.704 0.164
   595 73531 19244  2541 16659    50  0.135 0.709 0.156 0.133 0.704 0.164
   600 73410 19105  2500 16823    50  0.134 0.709 0.156 0.133 0.704 0.163
   605 73787 19292  2622 16877    50  0.134 0.710 0.156 0.132 0.704 0.164
   610 73776 19356  2575 16873    50  0.133 0.710 0.156 0.131 0.705 0.164
   615 73469 19420  2420 16849    50  0.132 0.711 0.157 0.130 0.705 0.165
   620 73434 19376  2582 16713    50  0.132 0.711 0.157 0.130 0.706 0.164
   625 73489 19472  2525 16859    50  0.132 0.711 0.157 0.129 0.706 0.164
   630 73619 19279  2649 16709    50  0.131 0.712 0.157 0.130 0.706 0.164
   635 73470 19481  2505 16946    50  0.131 0.713 0.157 0.130 0.707 0.164
   640 73330 19479  2551 16799    50  0.130 0.713 0.157 0.129 0.707 0.165
   645 73520 19343  2443 16894    50  0.130 0.713 0.157 0.129 0.707 0.165
   650 73336 19483  2498 16809    50  0.130 0.713 0.157 0.128 0.707 0.165
   655 73647 19360  2530 16883    50  0.130 0.713 0.157 0.128 0.708 0.164
   660 73454 19649  2494 16897    50  0.130 0.713 0.157 0.128 0.708 0.165
   665 73737 19448  2471 16983    50  0.130 0.713 0.157 0.128 0.708 0.165
   670 73358 19379  2498 16744    50  0.129 0.713 0.157 0.127 0.707 0.166
   675 73495 19417  2415 16954    50  0.129 0.714 0.157 0.127 0.708 0.166
   680 73551 19397  2507 16842    50  0.129 0.714 0.158 0.127 0.708 0.165
   685 73613 19319  2555 16904    50  0.128 0.713 0.158 0.127 0.708 0.166
   690 73497 19569  2545 16879    50  0.129 0.714 0.158 0.126 0.709 0.166
   695 73672 19473  2472 16877    50  0.128 0.714 0.158 0.126 0.709 0.165
   700 73539 19414  2493 16913    50  0.128 0.714 0.158 0.126 0.709 0.165
   705 73652 19398  2489 16979    50  0.127 0.714 0.158 0.125 0.709 0.166
   710 73558 19557  2477 17033    50  0.127 0.714 0.159 0.125 0.709 0.166
   715 73691 19369  2524 16965    50  0.127 0.714 0.159 0.125 0.709 0.166
   720 73789 19484  2475 16890    50  0.126 0.715 0.159 0.124 0.710 0.166
   725 74063 19317  2517 16925    50  0.126 0.715 0.158 0.124 0.710 0.166
   730 73804 19342  2558 16894    50  0.126 0.716 0.158 0.124 0.710 0.166
   735 73775 19257  2524 16968    50  0.126 0.716 0.158 0.124 0.710 0.166
   740 73878 19246  2602 16966    50  0.126 0.716 0.158 0.123 0.710 0.166
   745 73903 19355  2457 17073    50  0.125 0.716 0.159 0.123 0.711 0.166
   750 73584 19530  2529 16952    50  0.125 0.717 0.158 0.123 0.711 0.166
   755 73504 19607  2543 16928    50  0.125 0.717 0.158 0.123 0.711 0.166
   760 73777 19379  2481 16928    50  0.124 0.717 0.158 0.123 0.711 0.166
   765 73783 19421  2530 16952    50  0.124 0.717 0.158 0.122 0.712 0.166
   770 73937 19347  2537 16969    50  0.124 0.718 0.159 0.122 0.712 0.166
   775 73852 19484  2493 16829    50  0.124 0.717 0.159 0.122 0.712 0.166
   780 73768 19496  2400 16893    50  0.123 0.718 0.159 0.121 0.712 0.167
   785 73605 19497  2456 16709    50  0.122 0.718 0.159 0.121 0.712 0.167
   790 73563 19502  2528 16878    50  0.122 0.718 0.160 0.121 0.712 0.167
   795 73755 19560  2521 16984    50  0.122 0.718 0.159 0.120 0.713 0.167
   800 73815 19532  2494 17012    50  0.122 0.718 0.160 0.120 0.713 0.167
   805 73689 19329  2583 16751    50  0.121 0.719 0.160 0.120 0.713 0.167
   810 73722 19475  2411 17002    50  0.121 0.719 0.160 0.119 0.714 0.167
   815 73713 19402  2462 16737    50  0.120 0.720 0.160 0.119 0.714 0.168
   820 73986 19497  2408 16836    50  0.120 0.720 0.160 0.118 0.714 0.167
   825 73699 19462  2533 16915    50  0.120 0.720 0.160 0.118 0.714 0.168
   830 73886 19459  2527 16947    50  0.119 0.721 0.160 0.117 0.715 0.168
   835 73921 19383  2575 17025    50  0.119 0.721 0.160 0.117 0.715 0.168
   840 73981 19499  2543 16932    50  0.119 0.721 0.160 0.117 0.715 0.168
   845 74022 19461  2498 17007    50  0.119 0.721 0.160 0.117 0.715 0.168
   850 73612 19354  2485 16860    50  0.119 0.721 0.160 0.116 0.716 0.168
   855 73835 19410  2407 16847    50  0.118 0.721 0.160 0.117 0.715 0.168
   860 73835 19368  2455 16988    50  0.118 0.721 0.161 0.116 0.716 0.168
   865 73994 19379  2484 17168    50  0.118 0.721 0.161 0.116 0.715 0.169
   870 73980 19594  2506 17071    50  0.118 0.721 0.161 0.116 0.715 0.168
   875 73555 19648  2496 16953    50  0.118 0.721 0.161 0.116 0.715 0.169
   880 74208 19432  2464 17047    50  0.117 0.721 0.161 0.115 0.716 0.169
   885 73739 19579  2485 16890    50  0.117 0.721 0.161 0.115 0.716 0.169
   890 73688 19481  2538 16984    50  0.117 0.721 0.162 0.115 0.716 0.169
   895 73731 19404  2553 16918    50  0.116 0.722 0.162 0.115 0.716 0.169
   900 73878 19413  2421 16980    50  0.116 0.722 0.162 0.114 0.716 0.170
   905 73929 19362  2497 16993    50  0.116 0.722 0.162 0.114 0.716 0.170
   910 73905 19340  2477 16956    50  0.116 0.722 0.162 0.114 0.717 0.170
   915 73650 19505  2512 16871    50  0.115 0.723 0.162 0.113 0.717 0.170
   920 73956 19570  2477 17023    50  0.115 0.723 0.162 0.113 0.717 0.170
   925 74011 19459  2496 16849    50  0.115 0.723 0.162 0.113 0.717 0.170
   930 74015 19475  2489 16899    50  0.114 0.723 0.163 0.112 0.717 0.170
   935 74053 19516  2477 16965    50  0.114 0.724 0.162 0.112 0.718 0.170
   940 73988 19338  2466 16807    50  0.114 0.724 0.163 0.112 0.718 0.170
   945 74054 19336  2439 16969    50  0.114 0.723 0.163 0.112 0.718 0.171
   950 73880 19624  2487 17041    50  0.114 0.723 0.163 0.112 0.718 0.170
   955 74038 19657  2511 17076    50  0.114 0.724 0.163 0.112 0.718 0.170
   960 73818 19330  2502 16885    50  0.113 0.724 0.163 0.112 0.718 0.170
   965 74056 19713  2529 17155    50  0.113 0.724 0.163 0.111 0.719 0.170
   970 74234 19213  2488 16962    50  0.113 0.725 0.162 0.111 0.719 0.170
   975 73780 19499  2522 16767    50  0.113 0.724 0.163 0.111 0.719 0.170
   980 74035 19224  2442 16977    50  0.113 0.724 0.163 0.111 0.719 0.171
   985 73998 19555  2455 17061    50  0.113 0.724 0.163 0.110 0.719 0.171
   990 73955 19518  2475 17014    50  0.112 0.724 0.163 0.110 0.718 0.171
   995 74003 19399  2452 16853    50  0.113 0.724 0.163 0.110 0.719 0.171
  1000 74059 19512  2518 17043    50  0.112 0.724 0.164 0.110 0.719 0.171
  1005 74107 19183  2442 16879    50  0.112 0.724 0.164 0.110 0.719 0.171
  1010 73833 19672  2517 16957    50  0.112 0.724 0.164 0.110 0.719 0.171
  1015 73910 19589  2484 17026    50  0.112 0.724 0.164 0.109 0.719 0.172
  1020 73899 19432  2470 16872    50  0.111 0.724 0.165 0.109 0.719 0.172
  1025 73919 19515  2487 16978    50  0.111 0.724 0.165 0.109 0.719 0.172
  1030 73871 19531  2503 16983    50  0.111 0.724 0.165 0.109 0.719 0.172
  1035 74032 19532  2515 16895    50  0.111 0.724 0.165 0.109 0.719 0.173
  1040 73606 19554  2424 16816    50  0.111 0.724 0.165 0.109 0.719 0.173
  1045 74166 19429  2484 17025    50  0.111 0.724 0.165 0.109 0.718 0.173
  1050 73996 19588  2497 16933    50  0.111 0.724 0.165 0.109 0.718 0.173
  1055 74068 19311  2472 17032    50  0.111 0.724 0.166 0.109 0.718 0.173
  1060 73733 19536  2582 16887    50  0.110 0.724 0.166 0.108 0.718 0.173
  1065 73960 19349  2419 16875    50  0.110 0.724 0.166 0.108 0.718 0.174
  1070 73786 19496  2524 16908    50  0.110 0.724 0.166 0.108 0.719 0.174
  1075 73948 19427  2447 17067    50  0.110 0.724 0.165 0.108 0.718 0.173
  1080 73815 19570  2453 16924    50  0.110 0.724 0.166 0.108 0.719 0.174
  1085 73901 19414  2462 16908    50  0.110 0.724 0.166 0.108 0.718 0.174
  1090 73918 19493  2576 17055    50  0.109 0.725 0.166 0.107 0.719 0.174
  1095 73943 19572  2433 17069    50  0.109 0.725 0.166 0.107 0.720 0.174
  1100 74020 19469  2541 17020    50  0.108 0.725 0.166 0.106 0.719 0.174
  1105 73881 19382  2567 16991    50  0.108 0.725 0.167 0.106 0.720 0.175
  1110 73749 19609  2513 16984    50  0.108 0.726 0.166 0.106 0.720 0.174
  1115 74113 19493  2511 16956    50  0.108 0.726 0.166 0.106 0.721 0.174
  1120 74238 19400  2533 17150    49  0.107 0.727 0.166 0.105 0.720 0.174
  1125 73647 19637  2520 16927    49  0.107 0.727 0.166 0.105 0.721 0.174
  1130 74233 19424  2472 17061    49  0.107 0.727 0.166 0.105 0.721 0.174
  1135 73810 19765  2396 17142    49  0.107 0.727 0.166 0.105 0.721 0.174
  1140 74023 19444  2465 16898    49  0.106 0.727 0.166 0.104 0.721 0.174
  1145 73750 19512  2470 16898    49  0.106 0.727 0.167 0.104 0.721 0.175
  1150 74232 19595  2429 17124    49  0.106 0.727 0.166 0.104 0.721 0.174
  1155 74056 19530  2418 16923    49  0.107 0.727 0.166 0.104 0.722 0.174
  1160 74135 19269  2472 17000    49  0.106 0.728 0.166 0.104 0.722 0.174
  1165 74199 19421  2535 16847    49  0.106 0.728 0.166 0.104 0.722 0.174
  1170 74018 19526  2578 16963    49  0.106 0.728 0.167 0.104 0.723 0.174
  1175 74085 19492  2508 16832    49  0.106 0.728 0.166 0.103 0.722 0.174
  1180 73980 19522  2482 17032    49  0.106 0.728 0.167 0.104 0.722 0.175
  1185 74017 19457  2466 17072    49  0.106 0.727 0.167 0.104 0.721 0.175
  1190 73932 19408  2454 17040    49  0.105 0.727 0.168 0.103 0.722 0.175
  1195 73830 19600  2564 17059    49  0.104 0.728 0.168 0.103 0.722 0.175
  1200 74200 19624  2532 16969    49  0.105 0.727 0.168 0.103 0.722 0.175
  1205 73939 19595  2586 17098    49  0.104 0.728 0.168 0.102 0.722 0.176
  1210 74139 19339  2510 16973    49  0.104 0.728 0.167 0.102 0.722 0.175
  1215 74076 19544  2481 17202    49  0.105 0.728 0.167 0.102 0.722 0.175
  1220 73762 19565  2464 17098    49  0.104 0.728 0.168 0.102 0.723 0.175
  1225 74297 19486  2487 17187    49  0.105 0.728 0.167 0.102 0.723 0.175
  1230 73991 19549  2402 17097    49  0.105 0.728 0.168 0.102 0.722 0.175
  1235 74050 19397  2491 16906    49  0.105 0.728 0.167 0.103 0.722 0.175
  1240 73843 19599  2486 16988    49  0.105 0.728 0.167 0.103 0.722 0.175
  1245 73905 19596  2524 16893    49  0.104 0.728 0.168 0.102 0.722 0.176
  1250 74070 19422  2440 17076    49  0.104 0.728 0.168 0.102 0.722 0.176
  1255 74076 19513  2505 17011    49  0.104 0.728 0.168 0.102 0.722 0.176
  1260 74037 19522  2587 17122    49  0.103 0.728 0.169 0.101 0.722 0.177
  1265 74139 19528  2548 17075    49  0.103 0.728 0.169 0.101 0.722 0.177
  1270 74288 19426  2523 17007    49  0.103 0.728 0.169 0.101 0.723 0.176
  1275 74076 19611  2470 17061    49  0.103 0.728 0.169 0.101 0.723 0.177
  1280 74166 19556  2411 16939    49  0.102 0.729 0.169 0.101 0.723 0.176
  1285 74358 19132  2442 16947    49  0.103 0.728 0.169 0.101 0.723 0.177
  1290 74126 19495  2562 17023    49  0.102 0.729 0.169 0.101 0.723 0.177
  1295 74210 19560  2542 16896    49  0.102 0.728 0.169 0.101 0.722 0.177
  1300 74082 19524  2394 17071    49  0.102 0.729 0.169 0.100 0.723 0.177
  1305 73908 19627  2517 17109    49  0.102 0.729 0.169 0.101 0.722 0.177
  1310 74179 19440  2586 17119    49  0.102 0.728 0.169 0.100 0.722 0.177
  1315 74136 19585  2464 17105    49  0.102 0.728 0.170 0.100 0.722 0.178
  1320 73813 19424  2452 16962    49  0.102 0.727 0.170 0.100 0.722 0.178
  1325 73923 19508  2424 17076    49  0.102 0.728 0.170 0.101 0.722 0.178
  1330 73712 19499  2473 16946    49  0.102 0.728 0.170 0.100 0.722 0.178
  1335 74015 19512  2535 16995    49  0.102 0.728 0.170 0.100 0.722 0.177
  1340 74095 19561  2427 17071    49  0.102 0.728 0.170 0.100 0.722 0.177
  1345 73968 19578  2545 17061    49  0.102 0.728 0.170 0.100 0.722 0.178
  1350 73913 19842  2465 17085    49  0.102 0.727 0.170 0.100 0.722 0.178
  1355 74379 19348  2421 17031    49  0.102 0.727 0.171 0.100 0.722 0.178
  1360 73893 19546  2445 17153    49  0.102 0.727 0.170 0.100 0.722 0.178
  1365 74166 19264  2456 17036    49  0.102 0.728 0.170 0.100 0.722 0.178
  1370 73964 19489  2412 17088    49  0.102 0.727 0.171 0.100 0.722 0.178
  1375 73996 19618  2502 17113    49  0.102 0.727 0.171 0.100 0.722 0.178
  1380 73880 19479  2513 17029    49  0.102 0.727 0.171 0.100 0.722 0.178
  1385 73874 19408  2455 17092    49  0.102 0.727 0.171 0.100 0.722 0.179
  1390 74006 19304  2433 16862    49  0.102 0.726 0.172 0.100 0.721 0.179
  1395 73996 19482  2447 16929    49  0.101 0.727 0.172 0.100 0.721 0.179
  1400 74152 19676  2506 17033    49  0.101 0.727 0.172 0.100 0.721 0.179
  1405 73890 19576  2466 16848    49  0.101 0.726 0.172 0.100 0.721 0.180
  1410 73975 19234  2526 16859    49  0.101 0.727 0.172 0.099 0.721 0.180
  1415 73912 19646  2475 16960    49  0.101 0.727 0.172 0.099 0.721 0.180
  1420 74098 19450  2507 17020    49  0.100 0.728 0.172 0.099 0.722 0.180
  1425 74092 19383  2536 17018    49  0.100 0.727 0.172 0.099 0.721 0.180
  1430 74070 19668  2531 16903    49  0.101 0.727 0.172 0.098 0.722 0.180
  1435 74151 19416  2467 16890    49  0.101 0.727 0.172 0.098 0.722 0.180
  1440 73867 19641  2576 16916    49  0.101 0.726 0.173 0.098 0.721 0.180
  1445 74101 19451  2492 16941    49  0.101 0.727 0.172 0.098 0.721 0.180
  1450 74147 19308  2465 16966    49  0.101 0.726 0.173 0.099 0.720 0.181
  1455 74335 19423  2555 17240    49  0.101 0.726 0.173 0.098 0.721 0.180
  1460 73988 19540  2474 17004    49  0.101 0.727 0.173 0.098 0.721 0.180
  1465 74152 19571  2490 17004    49  0.101 0.726 0.173 0.099 0.721 0.181
  1470 74135 19361  2521 17045    49  0.101 0.726 0.173 0.099 0.721 0.181
  1475 74026 19397  2574 16827    49  0.101 0.727 0.173 0.099 0.721 0.180
  1480 74081 19481  2435 17108    49  0.101 0.727 0.173 0.099 0.721 0.180
  1485 73965 19556  2464 17117    49  0.101 0.727 0.173 0.098 0.722 0.180
  1490 74138 19414  2405 17107    49  0.101 0.727 0.173 0.098 0.722 0.180
  1495 74252 19447  2538 17083    49  0.100 0.727 0.173 0.098 0.721 0.180
  1500 74128 19617  2432 17053    49  0.101 0.727 0.173 0.098 0.721 0.181
  1505 73953 19602  2419 17067    49  0.100 0.726 0.173 0.098 0.721 0.181
  1510 74047 19552  2479 16950    49  0.100 0.726 0.173 0.099 0.721 0.181
  1515 74124 19553  2531 17003    49  0.100 0.726 0.173 0.099 0.721 0.181
  1520 73901 19551  2511 16979    49  0.100 0.727 0.173 0.098 0.721 0.181
  1525 73870 19551  2465 17075    49  0.100 0.727 0.173 0.098 0.721 0.181
  1530 74044 19648  2456 17170    49  0.100 0.726 0.174 0.098 0.721 0.181
  1535 74077 19298  2439 17085    49  0.100 0.727 0.174 0.098 0.721 0.181
  1540 74217 19317  2483 16979    49  0.100 0.726 0.174 0.098 0.721 0.181
  1545 73940 19601  2518 16988    49  0.100 0.727 0.173 0.098 0.721 0.181
  1550 74231 19327  2425 17091    49  0.100 0.727 0.173 0.098 0.721 0.181
  1555 74210 19688  2465 17146    49  0.100 0.727 0.174 0.098 0.721 0.181
  1560 73993 19701  2472 17065    49  0.100 0.727 0.173 0.097 0.721 0.181
  1565 73996 19510  2504 17007    49  0.099 0.727 0.174 0.098 0.721 0.181
  1570 74189 19373  2432 17093    49  0.099 0.727 0.174 0.097 0.722 0.181
  1575 74172 19329  2441 17024    49  0.099 0.728 0.174 0.097 0.721 0.182
  1580 74061 19572  2523 16949    49  0.099 0.727 0.174 0.097 0.721 0.181
  1585 73864 19678  2493 16997    49  0.099 0.728 0.174 0.097 0.722 0.182
  1590 74074 19646  2503 17059    49  0.099 0.727 0.174 0.097 0.722 0.181
  1595 73932 19511  2489 16941    49  0.098 0.728 0.174 0.097 0.722 0.181
  1600 74243 19288  2490 16941    49  0.098 0.728 0.174 0.097 0.722 0.182
  1605 74098 19437  2410 17092    49  0.098 0.728 0.174 0.096 0.722 0.182
  1610 74098 19242  2443 17011    49  0.098 0.728 0.174 0.096 0.722 0.182
  1615 74205 19405  2538 17033    49  0.098 0.727 0.174 0.096 0.722 0.182
  1620 73852 19436  2443 17058    49  0.098 0.728 0.174 0.096 0.722 0.182
  1625 74131 19559  2411 17276    49  0.098 0.727 0.174 0.096 0.722 0.182
  1630 74330 19567  2456 17136    49  0.098 0.728 0.174 0.096 0.722 0.182
  1635 74277 19375  2371 16979    49  0.098 0.728 0.174 0.096 0.722 0.182
  1640 73935 19629  2454 17056    49  0.098 0.728 0.174 0.096 0.722 0.182
  1645 74114 19560  2484 17044    49  0.098 0.728 0.174 0.096 0.722 0.182
  1650 74176 19484  2410 16968    49  0.098 0.728 0.174 0.096 0.723 0.182
  1655 73990 19434  2496 17122    49  0.098 0.728 0.174 0.095 0.723 0.182
  1660 74110 19574  2454 16916    49  0.098 0.729 0.174 0.095 0.723 0.181
  1665 74118 19613  2448 17070    49  0.097 0.729 0.174 0.095 0.724 0.181
  1670 74210 19530  2512 17175    49  0.097 0.729 0.174 0.095 0.723 0.182
  1675 74097 19436  2521 17029    49  0.097 0.728 0.174 0.095 0.724 0.182
  1680 74009 19715  2480 16964    49  0.097 0.729 0.174 0.095 0.723 0.182
  1685 74370 19440  2518 16882    49  0.097 0.728 0.175 0.095 0.723 0.182
  1690 73988 19547  2562 17122    49  0.097 0.728 0.175 0.095 0.722 0.182
  1695 73854 19365  2525 17004    49  0.097 0.728 0.175 0.095 0.722 0.183
  1700 73899 19656  2497 17153    49  0.097 0.729 0.175 0.095 0.722 0.182
  1705 74112 19502  2419 17108    49  0.097 0.728 0.175 0.095 0.722 0.183
  1710 74191 19372  2406 17025    49  0.097 0.728 0.175 0.095 0.723 0.183
  1715 74093 19373  2476 16866    49  0.097 0.728 0.175 0.095 0.722 0.183
  1720 74019 19658  2472 16936    49  0.097 0.728 0.175 0.095 0.722 0.183
  1725 73824 19453  2477 16921    49  0.097 0.728 0.175 0.095 0.722 0.183
  1730 73902 19589  2563 16978    49  0.097 0.728 0.176 0.095 0.722 0.183
  1735 74003 19445  2436 17042    49  0.096 0.728 0.176 0.095 0.722 0.183
  1740 73953 19536  2442 16958    49  0.096 0.728 0.176 0.094 0.722 0.183
  1745 74269 19671  2420 17202    49  0.096 0.728 0.176 0.095 0.722 0.183
  1750 74153 19582  2448 17109    49  0.097 0.728 0.175 0.095 0.722 0.183
  1755 74201 19476  2475 17117    49  0.097 0.728 0.175 0.095 0.723 0.183
  1760 74080 19391  2442 17028    49  0.096 0.728 0.175 0.094 0.723 0.183
  1765 74213 19303  2511 17000    49  0.097 0.728 0.175 0.094 0.723 0.183
  1770 74351 19247  2445 17173    49  0.097 0.727 0.176 0.094 0.723 0.183
  1775 74112 19410  2538 16994    49  0.097 0.727 0.176 0.095 0.722 0.183
  1780 73908 19712  2377 16955    49  0.097 0.727 0.176 0.095 0.722 0.184
  1785 74164 19266  2489 17029    49  0.096 0.727 0.176 0.095 0.722 0.184
  1790 74149 19544  2498 17108    49  0.096 0.727 0.176 0.094 0.722 0.184
  1795 73791 19765  2534 16945    49  0.096 0.728 0.176 0.095 0.722 0.183
  1800 74136 19318  2501 16945    49  0.097 0.727 0.176 0.095 0.722 0.183
  1805 74327 19605  2495 17131    49  0.097 0.727 0.176 0.095 0.722 0.183
  1810 74199 19501  2429 17185    49  0.097 0.728 0.176 0.094 0.722 0.184
  1815 74138 19446  2505 17004    49  0.097 0.727 0.176 0.095 0.721 0.184
  1820 73980 19353  2374 17080    49  0.097 0.727 0.176 0.095 0.721 0.184
  1825 73852 19590  2542 16983    49  0.097 0.727 0.176 0.095 0.721 0.184
  1830 74004 19578  2454 17023    49  0.097 0.727 0.176 0.095 0.722 0.184
  1835 74223 19339  2534 16931    49  0.097 0.727 0.176 0.095 0.721 0.184
  1840 74446 19053  2487 17049    49  0.096 0.727 0.177 0.095 0.721 0.184
  1845 73990 19504  2416 17118    49  0.097 0.727 0.177 0.094 0.722 0.184
  1850 73934 19634  2415 16991    49  0.097 0.727 0.177 0.094 0.721 0.184
  1855 73800 19492  2462 16915    49  0.097 0.726 0.177 0.095 0.721 0.184
  1860 73886 19652  2459 17089    49  0.096 0.727 0.177 0.095 0.721 0.184
  1865 74252 19285  2425 17232    49  0.096 0.726 0.177 0.095 0.721 0.184
  1870 73958 19513  2469 16993    49  0.096 0.726 0.177 0.095 0.721 0.185
  1875 74035 19400  2499 16999    49  0.096 0.726 0.177 0.095 0.721 0.184
  1880 74056 19557  2445 17127    49  0.097 0.726 0.177 0.094 0.721 0.184
  1885 74185 19517  2459 16941    49  0.097 0.726 0.177 0.094 0.721 0.185
  1890 74113 19538  2501 17019    49  0.096 0.726 0.178 0.094 0.721 0.185
  1895 74216 19441  2450 16977    49  0.096 0.726 0.178 0.094 0.721 0.185
  1900 73969 19492  2454 16954    49  0.096 0.726 0.178 0.094 0.720 0.186
  1905 74093 19403  2544 17109    49  0.096 0.726 0.178 0.094 0.721 0.185
  1910 73881 19652  2415 17194    49  0.096 0.726 0.178 0.094 0.721 0.185
  1915 74028 19531  2503 16945    49  0.096 0.727 0.178 0.093 0.721 0.185
  1920 73880 19498  2405 16891    49  0.095 0.726 0.178 0.094 0.721 0.185
  1925 74013 19590  2556 17023    49  0.095 0.727 0.178 0.093 0.721 0.185
  1930 73918 19620  2499 17066    49  0.095 0.727 0.178 0.093 0.721 0.185
  1935 73954 19589  2547 16905    49  0.095 0.727 0.178 0.093 0.721 0.186
  1940 73950 19472  2485 17042    49  0.096 0.726 0.178 0.093 0.721 0.186
  1945 73920 19591  2427 17010    49  0.095 0.727 0.178 0.093 0.721 0.186
  1950 74245 19505  2476 17022    49  0.095 0.727 0.178 0.093 0.721 0.186
  1955 73874 19523  2512 16934    49  0.095 0.727 0.178 0.093 0.722 0.186
  1960 74238 19556  2494 17035    49  0.095 0.726 0.178 0.093 0.721 0.186
  1965 74151 19414  2476 16838    49  0.095 0.726 0.179 0.093 0.721 0.186
  1970 74206 19463  2480 17152    49  0.095 0.726 0.179 0.093 0.721 0.186
  1975 73932 19528  2499 16978    49  0.095 0.726 0.178 0.093 0.721 0.186
  1980 74149 19446  2457 17177    49  0.095 0.726 0.178 0.093 0.721 0.186
  1985 73839 19443  2434 17011    49  0.095 0.727 0.178 0.093 0.722 0.185
  1990 73898 19512  2433 16798    49  0.096 0.726 0.178 0.094 0.721 0.185
  1995 74037 19460  2506 16965    49  0.096 0.726 0.178 0.093 0.721 0.185
  2000 73971 19430  2531 16988    49  0.096 0.726 0.178 0.093 0.721 0.186
