 nmt =               50
 dmf =      F
 dff =      F
 vgr =       0.100000001    
 lde =       0.990000010    
 theta =     0.500000000    
 sigma =     0.500000000    
 ssr =                1
 dr =        0.300000012    
 mr =         9.99999978E-03
 spdispr =           30
 gs =               300
 ini =            60000
 ngen =            2000
 Myseed =         84563
 nmap =              50
 Gen nind ndea nveg nspo num_mat veg_1 spo_1 mat_1 veg_2 spo_2 mat_2
     0 60000     0     0     0    50  0.334 0.332 0.334   NaN   NaN   NaN
     5 53986 14258  4045 10417    50  0.326 0.369 0.305 0.311 0.336 0.353
    10 54918 14709  3895 11099    50  0.315 0.397 0.288 0.306 0.370 0.324
    15 56951 15281  3665 12114    50  0.301 0.429 0.271 0.296 0.399 0.305
    20 59566 15833  3635 12618    50  0.291 0.455 0.255 0.287 0.429 0.284
    25 61595 16266  3430 13121    50  0.279 0.479 0.242 0.279 0.451 0.269
    30 63081 16657  3295 13639    50  0.270 0.502 0.228 0.268 0.476 0.256
    35 64283 17110  3340 14061    50  0.262 0.524 0.215 0.258 0.498 0.244
    40 65882 17369  3161 14459    50  0.252 0.543 0.204 0.249 0.518 0.233
    45 66810 17778  2984 14912    50  0.245 0.561 0.194 0.242 0.536 0.221
    50 67809 17683  3013 15094    50  0.239 0.577 0.185 0.237 0.553 0.210
    55 68147 18134  2923 15169    50  0.232 0.592 0.176 0.228 0.571 0.201
    60 69042 18221  2865 15474    50  0.225 0.606 0.169 0.224 0.583 0.193
    65 69600 18524  2821 15694    50  0.219 0.619 0.162 0.217 0.598 0.185
    70 70267 18602  2786 15919    50  0.212 0.632 0.156 0.209 0.612 0.179
    75 70669 18625  2761 16003    50  0.206 0.645 0.150 0.204 0.623 0.173
    80 71149 18735  2746 16156    50  0.200 0.654 0.146 0.199 0.635 0.166
    85 71550 18932  2684 16205    50  0.194 0.665 0.141 0.193 0.645 0.162
    90 71735 19031  2535 16301    50  0.189 0.674 0.137 0.189 0.655 0.156
    95 72524 18829  2625 16472    50  0.185 0.682 0.133 0.184 0.664 0.151
   100 72700 19192  2565 16648    50  0.181 0.690 0.129 0.179 0.672 0.149
   105 72956 19099  2620 16594    50  0.178 0.697 0.126 0.176 0.679 0.145
   110 72947 19158  2548 16554    50  0.172 0.705 0.123 0.170 0.687 0.142
   115 73603 19205  2586 16835    50  0.168 0.712 0.120 0.167 0.694 0.139
   120 73834 19382  2574 16998    50  0.165 0.717 0.119 0.164 0.701 0.135
   125 73912 19328  2429 16881    50  0.161 0.722 0.117 0.161 0.706 0.133
   130 73942 19457  2472 17040    50  0.157 0.728 0.115 0.158 0.711 0.131
   135 73864 19424  2519 16918    50  0.155 0.731 0.114 0.154 0.716 0.130
   140 74149 19537  2439 17188    50  0.153 0.735 0.112 0.152 0.720 0.127
   145 74042 19717  2394 17037    50  0.151 0.738 0.111 0.150 0.725 0.125
   150 74303 19477  2559 16989    50  0.150 0.741 0.109 0.148 0.728 0.124
   155 74176 19679  2466 17086    50  0.148 0.744 0.108 0.146 0.733 0.122
   160 74711 19442  2423 17111    50  0.145 0.748 0.106 0.143 0.736 0.121
   165 74462 19816  2472 17257    50  0.144 0.750 0.106 0.143 0.738 0.119
   170 74314 19889  2419 17224    50  0.142 0.753 0.105 0.141 0.740 0.119
   175 74626 19851  2415 17302    50  0.140 0.755 0.104 0.139 0.743 0.118
   180 74828 19877  2407 17288    50  0.139 0.758 0.103 0.137 0.746 0.117
   185 74908 19879  2512 17414    50  0.137 0.761 0.102 0.136 0.749 0.116
   190 75195 19619  2462 17391    50  0.136 0.763 0.101 0.134 0.751 0.115
   195 75117 19872  2303 17354    50  0.135 0.765 0.101 0.134 0.752 0.114
   200 75104 19464  2380 17067    50  0.133 0.766 0.101 0.132 0.755 0.114
   205 75090 19729  2358 17296    50  0.133 0.767 0.100 0.131 0.756 0.113
   210 75213 19843  2297 17352    50  0.132 0.769 0.099 0.130 0.757 0.112
   215 75230 19919  2422 17490    50  0.131 0.771 0.098 0.129 0.759 0.111
   220 75287 19856  2413 17519    50  0.130 0.772 0.098 0.129 0.761 0.111
   225 75375 19792  2395 17517    50  0.129 0.774 0.097 0.129 0.761 0.110
   230 75401 19759  2345 17564    50  0.128 0.775 0.097 0.127 0.763 0.110
   235 75229 19932  2386 17456    50  0.127 0.776 0.097 0.126 0.765 0.109
   240 75406 19878  2328 17442    50  0.126 0.778 0.096 0.125 0.767 0.108
   245 75589 19904  2401 17544    50  0.125 0.780 0.095 0.124 0.768 0.108
   250 75250 20121  2309 17547    50  0.124 0.781 0.095 0.124 0.770 0.106
   255 75692 19873  2430 17548    50  0.124 0.781 0.095 0.122 0.771 0.107
   260 75614 19881  2362 17525    50  0.123 0.782 0.095 0.121 0.773 0.106
   265 75535 19930  2437 17605    50  0.123 0.783 0.094 0.122 0.772 0.106
   270 75665 19864  2337 17406    50  0.123 0.783 0.094 0.121 0.774 0.105
   275 75475 20011  2356 17376    50  0.122 0.784 0.094 0.121 0.774 0.105
   280 75609 19796  2336 17430    50  0.122 0.784 0.094 0.121 0.774 0.105
   285 75807 19770  2382 17529    50  0.122 0.784 0.094 0.121 0.774 0.105
   290 75635 19914  2374 17386    50  0.122 0.784 0.093 0.120 0.775 0.106
   295 75702 19823  2295 17529    50  0.122 0.785 0.093 0.120 0.775 0.105
   300 75787 19831  2324 17471    50  0.121 0.786 0.093 0.120 0.776 0.104
   305 75504 19816  2334 17542    50  0.120 0.787 0.092 0.119 0.777 0.104
   310 75795 20044  2385 17746    50  0.120 0.788 0.092 0.119 0.777 0.103
   315 75647 20010  2253 17511    50  0.120 0.789 0.092 0.118 0.778 0.103
   320 75996 19776  2283 17497    50  0.119 0.789 0.092 0.119 0.778 0.103
   325 75688 19953  2312 17493    50  0.119 0.789 0.092 0.118 0.779 0.103
   330 75756 19927  2315 17419    50  0.119 0.790 0.092 0.118 0.780 0.103
   335 75791 19788  2293 17543    50  0.118 0.790 0.091 0.117 0.780 0.103
   340 75844 20024  2367 17794    50  0.118 0.791 0.091 0.117 0.781 0.102
   345 75933 19836  2342 17507    50  0.117 0.791 0.092 0.116 0.781 0.103
   350 75695 19930  2349 17593    50  0.117 0.791 0.092 0.115 0.782 0.102
   355 75741 19926  2336 17515    50  0.117 0.791 0.092 0.115 0.782 0.103
   360 75468 19985  2321 17427    50  0.117 0.791 0.092 0.115 0.781 0.103
   365 75985 19900  2351 17599    50  0.116 0.792 0.092 0.115 0.783 0.103
   370 76135 19815  2338 17654    50  0.116 0.792 0.092 0.115 0.782 0.103
   375 75851 20029  2374 17593    50  0.115 0.793 0.092 0.114 0.784 0.103
   380 76057 19982  2253 17636    50  0.114 0.793 0.092 0.113 0.784 0.103
   385 75808 20152  2390 17824    50  0.114 0.794 0.092 0.113 0.785 0.103
   390 75726 19943  2353 17559    50  0.114 0.795 0.091 0.112 0.785 0.103
   395 76052 19942  2234 17818    50  0.114 0.795 0.091 0.112 0.785 0.103
   400 75672 20104  2316 17539    50  0.113 0.795 0.092 0.111 0.786 0.103
   405 75996 19849  2329 17520    50  0.113 0.795 0.092 0.111 0.786 0.103
   410 75740 19881  2262 17547    50  0.113 0.795 0.092 0.111 0.785 0.104
   415 75881 19962  2353 17752    50  0.112 0.795 0.093 0.110 0.786 0.104
   420 76037 19998  2213 17706    50  0.112 0.796 0.092 0.110 0.786 0.103
   425 75838 19989  2243 17600    50  0.112 0.796 0.092 0.111 0.786 0.104
   430 75864 20257  2384 17855    50  0.112 0.796 0.093 0.110 0.787 0.103
   435 75949 19884  2290 17655    50  0.112 0.796 0.092 0.110 0.787 0.103
   440 75768 20083  2290 17621    50  0.111 0.796 0.092 0.110 0.787 0.103
   445 76040 20112  2342 17809    50  0.112 0.796 0.092 0.110 0.787 0.103
   450 76176 19967  2360 17680    50  0.112 0.796 0.092 0.110 0.787 0.103
   455 75959 19858  2360 17375    50  0.112 0.796 0.093 0.111 0.787 0.103
   460 75814 19938  2219 17653    50  0.112 0.796 0.092 0.110 0.787 0.103
   465 75922 19950  2304 17646    50  0.112 0.796 0.092 0.110 0.787 0.103
   470 76017 19840  2354 17585    50  0.113 0.796 0.092 0.110 0.787 0.103
   475 76205 19962  2282 17778    50  0.113 0.796 0.092 0.111 0.787 0.102
   480 75924 19985  2264 17649    50  0.112 0.797 0.091 0.111 0.787 0.102
   485 76081 19995  2374 17627    50  0.113 0.796 0.091 0.111 0.787 0.102
   490 75876 20280  2341 17634    50  0.113 0.796 0.092 0.110 0.788 0.102
   495 75935 19887  2430 17535    50  0.112 0.796 0.092 0.111 0.787 0.102
   500 75909 20040  2326 17712    50  0.112 0.796 0.092 0.111 0.786 0.103
   505 75920 19954  2348 17551    50  0.112 0.796 0.093 0.110 0.787 0.103
   510 75889 19943  2413 17680    50  0.112 0.796 0.092 0.109 0.787 0.104
   515 75984 19978  2373 17646    50  0.112 0.796 0.092 0.110 0.787 0.103
   520 75685 20180  2350 17657    50  0.112 0.795 0.093 0.110 0.786 0.103
   525 75684 20076  2303 17646    50  0.112 0.796 0.092 0.109 0.787 0.103
   530 76010 20047  2348 17501    50  0.111 0.797 0.093 0.109 0.788 0.103
   535 76117 19893  2260 17582    50  0.111 0.797 0.093 0.108 0.789 0.103
   540 76050 20069  2321 17611    50  0.111 0.797 0.093 0.108 0.788 0.103
   545 75938 20075  2332 17697    50  0.110 0.797 0.092 0.108 0.788 0.103
   550 75887 19982  2394 17642    50  0.110 0.797 0.093 0.108 0.788 0.103
   555 76154 19892  2316 17625    50  0.109 0.797 0.093 0.108 0.788 0.104
   560 76311 19928  2304 17680    50  0.109 0.798 0.093 0.107 0.789 0.104
   565 75974 20034  2328 17669    50  0.109 0.798 0.093 0.108 0.789 0.104
   570 75985 19981  2306 17587    50  0.109 0.798 0.093 0.108 0.788 0.104
   575 75909 19993  2295 17715    50  0.109 0.798 0.093 0.107 0.789 0.104
   580 75937 19851  2338 17593    50  0.109 0.798 0.093 0.107 0.789 0.104
   585 75892 20057  2398 17551    50  0.109 0.798 0.093 0.107 0.789 0.104
   590 76054 19767  2311 17547    50  0.109 0.798 0.093 0.107 0.789 0.104
   595 75915 19987  2328 17682    50  0.109 0.798 0.093 0.107 0.789 0.103
   600 76094 19940  2360 17707    50  0.109 0.798 0.092 0.108 0.789 0.103
   605 76076 19775  2270 17583    50  0.109 0.798 0.092 0.107 0.790 0.103
   610 75951 19972  2313 17646    50  0.109 0.799 0.092 0.107 0.789 0.103
   615 76030 19965  2324 17594    50  0.108 0.799 0.093 0.107 0.789 0.104
   620 75978 20289  2267 17645    50  0.108 0.800 0.093 0.106 0.790 0.104
   625 76172 20046  2364 17640    50  0.108 0.799 0.093 0.106 0.789 0.104
   630 76005 19949  2297 17578    50  0.108 0.799 0.093 0.106 0.790 0.104
   635 76070 20094  2355 17706    50  0.108 0.799 0.093 0.107 0.789 0.104
   640 75928 19973  2249 17526    50  0.108 0.799 0.093 0.107 0.790 0.104
   645 76253 19800  2350 17692    50  0.108 0.799 0.093 0.107 0.789 0.104
   650 75984 19986  2300 17629    50  0.108 0.799 0.093 0.106 0.789 0.105
   655 75765 20188  2326 17690    50  0.108 0.799 0.093 0.107 0.789 0.104
   660 76067 19933  2388 17680    50  0.108 0.799 0.093 0.107 0.789 0.104
   665 76054 19906  2359 17662    50  0.108 0.798 0.094 0.107 0.788 0.105
   670 76025 20027  2339 17769    50  0.109 0.798 0.094 0.107 0.788 0.105
   675 75926 19985  2338 17527    50  0.109 0.798 0.094 0.106 0.789 0.105
   680 76097 20110  2369 17735    50  0.109 0.798 0.094 0.107 0.788 0.105
   685 76130 19957  2309 17671    50  0.109 0.798 0.093 0.107 0.788 0.105
   690 75995 20002  2431 17634    50  0.109 0.798 0.093 0.107 0.789 0.104
   695 75972 19988  2331 17553    50  0.109 0.798 0.093 0.107 0.789 0.104
   700 75734 20073  2327 17577    50  0.109 0.798 0.093 0.107 0.789 0.104
   705 75962 19966  2390 17578    50  0.109 0.798 0.093 0.107 0.789 0.104
   710 75958 19788  2286 17569    50  0.109 0.798 0.093 0.107 0.789 0.104
   715 75862 19965  2418 17683    50  0.109 0.797 0.093 0.107 0.789 0.104
   720 75971 20264  2327 17881    50  0.109 0.797 0.093 0.107 0.789 0.104
   725 76013 20142  2260 17691    50  0.108 0.798 0.093 0.107 0.790 0.104
   730 76048 19829  2320 17667    50  0.108 0.798 0.094 0.107 0.789 0.104
   735 76134 20060  2311 17867    50  0.108 0.798 0.093 0.107 0.789 0.104
   740 75927 19989  2385 17618    50  0.109 0.798 0.093 0.108 0.788 0.105
   745 75949 19929  2389 17502    50  0.109 0.798 0.093 0.108 0.787 0.105
   750 76117 19901  2283 17651    50  0.109 0.798 0.093 0.108 0.788 0.104
   755 76034 20017  2295 17629    50  0.109 0.798 0.093 0.108 0.788 0.104
   760 75958 20056  2408 17595    50  0.109 0.797 0.093 0.108 0.788 0.104
   765 75901 20046  2336 17591    50  0.109 0.798 0.093 0.108 0.788 0.104
   770 76014 20078  2321 17736    50  0.109 0.798 0.093 0.107 0.789 0.104
   775 76077 19951  2358 17678    50  0.108 0.799 0.093 0.107 0.789 0.104
   780 76084 19968  2292 17762    50  0.108 0.800 0.093 0.106 0.789 0.105
   785 76098 19906  2279 17623    50  0.108 0.799 0.093 0.106 0.790 0.103
   790 75917 20035  2311 17571    50  0.108 0.800 0.093 0.106 0.790 0.104
   795 76123 19925  2341 17683    50  0.107 0.800 0.093 0.106 0.790 0.104
   800 75943 19816  2275 17712    50  0.107 0.801 0.092 0.105 0.791 0.104
   805 75913 20006  2206 17669    50  0.107 0.800 0.093 0.105 0.791 0.104
   810 76028 20070  2328 17620    50  0.107 0.801 0.092 0.105 0.791 0.104
   815 75959 19973  2278 17664    50  0.108 0.800 0.093 0.105 0.791 0.103
   820 76097 19892  2198 17679    50  0.108 0.800 0.093 0.106 0.790 0.103
   825 76224 19777  2379 17590    50  0.108 0.800 0.093 0.105 0.791 0.103
   830 76131 19960  2300 17705    50  0.108 0.800 0.092 0.106 0.791 0.104
   835 75792 20123  2349 17533    50  0.108 0.800 0.092 0.106 0.790 0.104
   840 75995 20206  2298 17732    50  0.108 0.799 0.093 0.106 0.791 0.103
   845 76083 19877  2238 17613    50  0.107 0.800 0.093 0.106 0.791 0.103
   850 76178 20047  2359 17830    50  0.108 0.800 0.092 0.105 0.792 0.103
   855 76061 19825  2351 17676    50  0.108 0.800 0.092 0.106 0.791 0.103
   860 76286 19878  2289 17731    50  0.108 0.799 0.093 0.106 0.791 0.103
   865 75944 20161  2276 17606    50  0.108 0.800 0.093 0.106 0.791 0.103
   870 76005 20251  2248 17829    50  0.109 0.799 0.092 0.107 0.791 0.103
   875 76074 19990  2317 17614    50  0.109 0.798 0.092 0.107 0.790 0.103
   880 75882 19915  2282 17698    50  0.109 0.799 0.092 0.107 0.790 0.103
   885 76056 20119  2228 17784    50  0.109 0.798 0.093 0.107 0.789 0.104
   890 75916 20021  2359 17659    50  0.109 0.798 0.093 0.108 0.789 0.103
   895 75931 19937  2314 17627    50  0.109 0.798 0.093 0.107 0.789 0.103
   900 75914 19833  2277 17549    50  0.109 0.799 0.092 0.107 0.790 0.103
   905 75912 19862  2217 17627    50  0.108 0.799 0.093 0.107 0.790 0.103
   910 76122 20012  2337 17540    50  0.108 0.799 0.093 0.107 0.788 0.104
   915 75851 19945  2272 17754    50  0.109 0.798 0.093 0.107 0.788 0.104
   920 75961 19995  2267 17750    50  0.109 0.799 0.093 0.107 0.789 0.104
   925 75874 20032  2361 17763    50  0.109 0.798 0.093 0.107 0.789 0.104
   930 76012 19893  2339 17598    50  0.109 0.799 0.093 0.107 0.790 0.103
   935 76106 19924  2342 17823    50  0.109 0.799 0.092 0.107 0.790 0.103
   940 76132 19901  2271 17694    50  0.108 0.800 0.092 0.107 0.791 0.103
   945 75830 19973  2293 17614    50  0.109 0.800 0.092 0.106 0.792 0.102
   950 76095 19959  2275 17723    50  0.108 0.800 0.092 0.106 0.791 0.103
   955 76134 20012  2372 17742    50  0.108 0.800 0.092 0.106 0.791 0.103
   960 76090 19958  2289 17639    50  0.108 0.800 0.092 0.105 0.791 0.104
   965 76211 20057  2397 17892    50  0.108 0.800 0.092 0.106 0.791 0.103
   970 76119 19886  2230 17688    50  0.108 0.800 0.092 0.106 0.791 0.103
   975 76277 19988  2361 17768    50  0.108 0.800 0.092 0.105 0.792 0.103
   980 75886 20093  2406 17538    50  0.107 0.801 0.092 0.105 0.792 0.102
   985 76019 19935  2308 17610    50  0.108 0.800 0.092 0.105 0.792 0.103
   990 76087 20002  2255 17656    50  0.108 0.800 0.092 0.107 0.791 0.103
   995 76046 20083  2373 17688    50  0.108 0.801 0.091 0.107 0.791 0.102
  1000 75918 20126  2309 17696    50  0.108 0.801 0.091 0.107 0.791 0.102
  1005 76064 19951  2298 17748    50  0.107 0.802 0.091 0.106 0.792 0.102
  1010 76247 19988  2301 17676    50  0.108 0.802 0.091 0.106 0.792 0.102
  1015 76214 20142  2291 17683    50  0.107 0.802 0.091 0.106 0.792 0.102
  1020 76077 19893  2278 17654    50  0.107 0.802 0.091 0.106 0.793 0.102
  1025 75899 20247  2364 17680    50  0.107 0.802 0.091 0.106 0.792 0.102
  1030 76168 20006  2309 17768    50  0.107 0.801 0.092 0.106 0.790 0.103
  1035 76041 20139  2321 17602    50  0.108 0.801 0.091 0.107 0.790 0.103
  1040 76090 19993  2326 17690    50  0.108 0.801 0.091 0.107 0.791 0.102
  1045 76034 19890  2316 17772    50  0.108 0.801 0.091 0.107 0.792 0.102
  1050 76148 19902  2335 17616    50  0.108 0.802 0.091 0.106 0.792 0.102
  1055 75995 20114  2289 17673    50  0.108 0.801 0.091 0.106 0.792 0.102
  1060 75969 19725  2304 17646    50  0.108 0.801 0.091 0.106 0.792 0.102
  1065 75993 20149  2385 17774    50  0.108 0.801 0.091 0.106 0.792 0.102
  1070 76076 19956  2378 17570    50  0.108 0.800 0.092 0.106 0.792 0.102
  1075 76213 20090  2363 17727    50  0.108 0.801 0.091 0.107 0.792 0.101
  1080 75987 20075  2340 17627    50  0.107 0.801 0.092 0.106 0.792 0.102
  1085 76082 20095  2374 17835    50  0.107 0.802 0.091 0.106 0.792 0.102
  1090 76374 19810  2368 17804    50  0.107 0.802 0.091 0.106 0.792 0.102
  1095 76147 19916  2268 17719    50  0.107 0.802 0.091 0.106 0.792 0.102
  1100 76339 19902  2291 17922    50  0.107 0.802 0.091 0.106 0.793 0.101
  1105 75954 20259  2331 17846    50  0.107 0.802 0.091 0.106 0.793 0.101
  1110 76012 20058  2340 17598    50  0.106 0.803 0.091 0.105 0.794 0.101
  1115 75903 20257  2296 17676    50  0.106 0.803 0.091 0.104 0.795 0.101
  1120 76243 20166  2262 17761    50  0.106 0.803 0.091 0.105 0.793 0.102
  1125 76058 19936  2301 17715    50  0.106 0.802 0.091 0.105 0.794 0.102
  1130 76029 20102  2276 17765    50  0.106 0.802 0.091 0.105 0.793 0.102
  1135 76105 20157  2345 17822    50  0.106 0.803 0.091 0.105 0.793 0.102
  1140 76056 19979  2266 17863    50  0.106 0.802 0.092 0.105 0.793 0.102
  1145 76037 20192  2281 17782    50  0.106 0.802 0.092 0.105 0.793 0.103
  1150 76090 20091  2244 17593    50  0.106 0.802 0.092 0.105 0.792 0.103
  1155 75932 19985  2373 17534    50  0.106 0.802 0.092 0.105 0.792 0.103
  1160 76399 19766  2215 17764    50  0.106 0.802 0.092 0.104 0.792 0.103
  1165 76126 20092  2215 17832    50  0.106 0.801 0.093 0.104 0.792 0.103
  1170 76053 20165  2283 17698    50  0.106 0.801 0.093 0.105 0.792 0.104
  1175 76248 19815  2344 17832    50  0.106 0.801 0.093 0.105 0.792 0.103
  1180 76176 20063  2341 17800    50  0.106 0.801 0.093 0.105 0.791 0.104
  1185 76554 19851  2340 17761    50  0.106 0.801 0.093 0.105 0.792 0.103
  1190 76141 20025  2385 17766    50  0.106 0.801 0.093 0.104 0.792 0.104
  1195 76112 20021  2333 17634    50  0.107 0.800 0.093 0.105 0.791 0.104
  1200 76205 19977  2331 17795    50  0.107 0.800 0.093 0.106 0.791 0.104
  1205 76008 20013  2276 17719    50  0.106 0.800 0.094 0.106 0.791 0.104
  1210 75853 20004  2282 17600    50  0.106 0.800 0.093 0.105 0.790 0.104
  1215 76037 20142  2365 17799    50  0.107 0.800 0.094 0.105 0.791 0.104
  1220 75832 20070  2342 17626    50  0.107 0.800 0.093 0.106 0.790 0.104
  1225 75936 20015  2302 17583    50  0.107 0.800 0.093 0.106 0.790 0.104
  1230 76137 20012  2308 17649    50  0.107 0.800 0.093 0.106 0.791 0.104
  1235 76044 20000  2396 17533    50  0.107 0.800 0.094 0.105 0.791 0.104
  1240 76240 20215  2321 17600    50  0.107 0.800 0.093 0.105 0.791 0.104
  1245 76206 20062  2302 17742    50  0.106 0.800 0.093 0.104 0.791 0.104
  1250 76207 19988  2336 17754    50  0.106 0.801 0.093 0.104 0.791 0.104
  1255 76141 20165  2336 17716    50  0.106 0.800 0.093 0.104 0.792 0.104
  1260 76059 20282  2245 17834    50  0.106 0.801 0.093 0.105 0.791 0.104
  1265 76346 19849  2322 17730    50  0.106 0.801 0.093 0.104 0.791 0.104
  1270 76237 19929  2293 17853    50  0.106 0.801 0.093 0.104 0.792 0.105
  1275 75857 19838  2356 17594    50  0.106 0.801 0.093 0.104 0.792 0.104
  1280 76140 19996  2310 17717    50  0.106 0.801 0.093 0.104 0.791 0.104
  1285 76205 19970  2281 17717    50  0.105 0.801 0.093 0.104 0.792 0.104
  1290 75956 19876  2372 17577    50  0.106 0.801 0.093 0.104 0.791 0.104
  1295 76059 19885  2356 17632    50  0.106 0.801 0.093 0.105 0.791 0.105
  1300 76182 19858  2384 17531    50  0.107 0.801 0.093 0.105 0.791 0.104
  1305 75994 20005  2348 17667    50  0.106 0.801 0.092 0.105 0.791 0.104
  1310 76011 19857  2313 17550    50  0.106 0.801 0.093 0.106 0.791 0.103
  1315 76232 19902  2248 17708    50  0.106 0.802 0.092 0.105 0.791 0.103
  1320 76289 20009  2365 17586    50  0.106 0.802 0.092 0.105 0.792 0.103
  1325 76136 19841  2367 17542    50  0.105 0.802 0.092 0.105 0.792 0.103
  1330 76282 20091  2280 17656    50  0.106 0.801 0.093 0.105 0.791 0.104
  1335 75962 19961  2349 17549    50  0.106 0.801 0.093 0.105 0.791 0.104
  1340 76021 20110  2265 17844    50  0.106 0.800 0.093 0.105 0.790 0.105
  1345 76042 19983  2401 17598    50  0.106 0.800 0.094 0.105 0.791 0.105
  1350 75940 20117  2335 17666    50  0.106 0.801 0.094 0.105 0.790 0.104
  1355 76150 19934  2262 17621    50  0.106 0.800 0.094 0.106 0.789 0.105
  1360 76162 20001  2384 17787    50  0.107 0.799 0.094 0.105 0.790 0.105
  1365 76019 19933  2250 17750    50  0.107 0.799 0.094 0.106 0.790 0.105
  1370 76106 19881  2293 17739    50  0.107 0.799 0.094 0.106 0.790 0.104
  1375 75900 20066  2274 17644    50  0.107 0.800 0.094 0.106 0.790 0.104
  1380 75901 20021  2390 17729    50  0.106 0.800 0.093 0.105 0.791 0.104
  1385 76026 20000  2285 17733    50  0.106 0.800 0.093 0.105 0.790 0.104
  1390 76331 20053  2296 17845    50  0.106 0.800 0.093 0.105 0.790 0.104
  1395 76135 20003  2299 17758    50  0.106 0.800 0.093 0.105 0.790 0.104
  1400 76212 20093  2401 17665    50  0.107 0.800 0.093 0.105 0.790 0.105
  1405 76248 19935  2368 17732    50  0.106 0.800 0.093 0.105 0.791 0.105
  1410 76071 19930  2334 17660    50  0.106 0.801 0.094 0.105 0.791 0.105
  1415 75981 20028  2359 17635    50  0.106 0.801 0.093 0.104 0.791 0.105
  1420 76145 20060  2261 17805    50  0.106 0.801 0.093 0.104 0.791 0.105
  1425 76331 19900  2313 17593    50  0.105 0.801 0.093 0.105 0.791 0.104
  1430 76083 19974  2303 17673    50  0.106 0.801 0.094 0.104 0.791 0.105
  1435 76026 20120  2220 17627    50  0.106 0.800 0.094 0.105 0.791 0.104
  1440 76000 20096  2392 17674    50  0.106 0.801 0.093 0.105 0.791 0.105
  1445 76058 19870  2290 17782    50  0.106 0.800 0.093 0.106 0.790 0.104
  1450 75980 19938  2257 17658    50  0.106 0.801 0.093 0.106 0.789 0.105
  1455 76222 19857  2358 17617    50  0.107 0.800 0.093 0.105 0.791 0.104
  1460 76079 19802  2304 17481    50  0.107 0.800 0.093 0.105 0.791 0.104
  1465 76102 20245  2370 17795    50  0.107 0.801 0.092 0.105 0.792 0.103
  1470 75853 20116  2221 17643    50  0.107 0.801 0.092 0.106 0.791 0.103
  1475 76065 19963  2291 17853    50  0.106 0.801 0.092 0.105 0.792 0.103
  1480 76225 19940  2311 17980    50  0.106 0.802 0.092 0.105 0.792 0.103
  1485 76026 20104  2316 17758    50  0.106 0.802 0.091 0.105 0.792 0.103
  1490 75982 20089  2301 17602    50  0.106 0.802 0.092 0.105 0.792 0.103
  1495 76254 20052  2314 17647    50  0.106 0.802 0.092 0.105 0.793 0.102
  1500 76162 20087  2319 17736    49  0.106 0.802 0.092 0.105 0.792 0.103
  1505 75949 20132  2343 17768    49  0.106 0.802 0.092 0.105 0.792 0.104
  1510 76075 20007  2276 17803    49  0.106 0.801 0.093 0.105 0.792 0.103
  1515 76030 20202  2338 17632    49  0.106 0.801 0.092 0.105 0.792 0.103
  1520 76268 20042  2293 17887    49  0.107 0.801 0.093 0.105 0.791 0.103
  1525 76131 19850  2351 17667    49  0.106 0.801 0.093 0.105 0.791 0.104
  1530 76136 20065  2313 17728    49  0.106 0.801 0.093 0.105 0.791 0.104
  1535 76258 19984  2339 17741    49  0.107 0.800 0.093 0.105 0.791 0.104
  1540 75733 20042  2384 17518    49  0.107 0.800 0.093 0.105 0.791 0.104
  1545 76218 20065  2280 17768    49  0.106 0.801 0.093 0.105 0.791 0.104
  1550 76168 19934  2287 17625    49  0.107 0.800 0.093 0.105 0.791 0.103
  1555 76150 19975  2306 17806    49  0.107 0.801 0.093 0.106 0.791 0.104
  1560 75922 19895  2278 17608    49  0.107 0.801 0.092 0.106 0.791 0.103
  1565 76114 20018  2365 17618    49  0.107 0.801 0.093 0.105 0.791 0.104
  1570 76119 20146  2342 17781    49  0.107 0.801 0.093 0.105 0.791 0.104
  1575 76204 20068  2290 17685    49  0.107 0.800 0.093 0.106 0.791 0.104
  1580 76161 19991  2273 17707    49  0.106 0.800 0.093 0.105 0.791 0.104
  1585 76219 20218  2309 17708    49  0.107 0.799 0.094 0.105 0.791 0.104
  1590 76048 20026  2319 17724    49  0.106 0.800 0.094 0.105 0.791 0.104
  1595 76159 19944  2236 17681    49  0.106 0.800 0.094 0.105 0.791 0.105
  1600 75938 20189  2285 17799    49  0.106 0.800 0.094 0.105 0.791 0.104
  1605 76063 20244  2361 17651    49  0.106 0.801 0.093 0.104 0.791 0.104
  1610 76115 20004  2280 17584    49  0.106 0.801 0.093 0.104 0.791 0.104
  1615 76201 20027  2268 17726    49  0.107 0.801 0.093 0.105 0.792 0.104
  1620 76235 19963  2219 17648    49  0.106 0.801 0.093 0.104 0.792 0.104
  1625 76040 20103  2346 17785    49  0.107 0.801 0.093 0.105 0.791 0.104
  1630 75891 19922  2329 17701    49  0.107 0.800 0.092 0.106 0.791 0.104
  1635 76019 20027  2392 17706    49  0.108 0.800 0.092 0.106 0.791 0.103
  1640 76327 20058  2307 17827    49  0.107 0.801 0.093 0.106 0.791 0.104
  1645 76119 20198  2273 17776    49  0.106 0.801 0.093 0.105 0.791 0.103
  1650 76081 19908  2430 17507    49  0.107 0.801 0.093 0.105 0.791 0.104
  1655 76151 19945  2272 17573    49  0.107 0.800 0.093 0.105 0.791 0.104
  1660 76008 20092  2310 17582    49  0.106 0.801 0.093 0.105 0.792 0.104
  1665 76158 19964  2290 17676    49  0.106 0.801 0.093 0.105 0.792 0.104
  1670 76054 20163  2291 17728    49  0.106 0.801 0.093 0.105 0.791 0.104
  1675 75967 19951  2231 17774    49  0.106 0.801 0.093 0.105 0.791 0.104
  1680 76253 19882  2313 17719    49  0.106 0.801 0.093 0.104 0.791 0.104
  1685 75982 20069  2373 17733    49  0.106 0.801 0.093 0.104 0.792 0.104
  1690 76164 19882  2289 17741    49  0.105 0.802 0.093 0.105 0.792 0.104
  1695 76086 20218  2332 17926    49  0.105 0.802 0.093 0.104 0.792 0.104
  1700 76028 19973  2270 17819    49  0.105 0.802 0.093 0.104 0.792 0.104
  1705 76142 19883  2305 17745    49  0.105 0.802 0.094 0.103 0.792 0.104
  1710 76044 20101  2324 17707    49  0.105 0.802 0.093 0.104 0.792 0.104
  1715 76063 19960  2357 17625    49  0.105 0.802 0.093 0.104 0.792 0.104
  1720 75892 20167  2365 17619    49  0.105 0.803 0.093 0.104 0.792 0.104
  1725 75867 20116  2357 17658    49  0.104 0.803 0.093 0.103 0.793 0.104
  1730 76014 20050  2310 17707    49  0.104 0.803 0.093 0.103 0.793 0.104
  1735 76474 19941  2318 17840    49  0.105 0.802 0.093 0.103 0.793 0.104
  1740 75843 20241  2345 17705    49  0.105 0.803 0.093 0.103 0.792 0.104
  1745 75971 19932  2356 17495    49  0.104 0.802 0.093 0.103 0.792 0.104
  1750 76074 20060  2327 17825    49  0.104 0.803 0.094 0.103 0.792 0.105
  1755 76091 20034  2261 17706    49  0.104 0.803 0.094 0.102 0.793 0.105
  1760 76200 19975  2313 17702    49  0.104 0.803 0.093 0.103 0.793 0.104
  1765 76024 20117  2306 17721    49  0.104 0.803 0.093 0.103 0.793 0.104
  1770 76081 20126  2340 17776    49  0.105 0.802 0.093 0.103 0.793 0.104
  1775 76114 19926  2327 17556    49  0.105 0.802 0.093 0.104 0.793 0.104
  1780 76004 19978  2314 17643    49  0.105 0.803 0.093 0.103 0.793 0.103
  1785 76288 20164  2324 17842    49  0.105 0.803 0.093 0.103 0.793 0.103
  1790 76407 19820  2280 17756    49  0.105 0.802 0.093 0.104 0.793 0.103
  1795 76053 20003  2287 17676    49  0.106 0.801 0.093 0.104 0.792 0.104
  1800 76033 19901  2266 17568    49  0.105 0.801 0.094 0.104 0.792 0.104
  1805 76097 20001  2293 17747    49  0.106 0.800 0.094 0.105 0.790 0.105
  1810 76142 20013  2335 17623    49  0.106 0.800 0.094 0.105 0.791 0.104
  1815 75969 20020  2323 17561    49  0.107 0.800 0.094 0.104 0.792 0.104
  1820 76072 19978  2342 17676    49  0.106 0.800 0.094 0.104 0.791 0.105
  1825 76016 20055  2364 17825    49  0.106 0.800 0.094 0.105 0.790 0.105
  1830 76153 19939  2455 17707    49  0.106 0.800 0.094 0.105 0.789 0.105
  1835 76153 19899  2384 17605    49  0.106 0.799 0.095 0.105 0.790 0.105
  1840 76209 19968  2320 17491    49  0.106 0.799 0.094 0.105 0.790 0.105
  1845 75971 20033  2370 17607    49  0.107 0.799 0.094 0.104 0.790 0.106
  1850 76025 19883  2344 17502    49  0.106 0.799 0.095 0.105 0.790 0.105
  1855 76049 20100  2428 17806    49  0.107 0.799 0.094 0.105 0.789 0.106
  1860 76074 19939  2356 17571    49  0.106 0.799 0.094 0.104 0.790 0.106
  1865 75903 20234  2314 17626    49  0.106 0.800 0.094 0.104 0.790 0.105
  1870 76012 20053  2280 17701    49  0.105 0.801 0.094 0.104 0.791 0.105
  1875 76535 19938  2376 17671    49  0.106 0.801 0.093 0.104 0.791 0.105
  1880 76001 20086  2269 17677    49  0.106 0.801 0.093 0.104 0.791 0.105
  1885 76371 20063  2246 17766    49  0.105 0.801 0.094 0.104 0.791 0.105
  1890 76103 20233  2395 17734    49  0.105 0.803 0.093 0.104 0.791 0.105
  1895 76407 19822  2252 17633    49  0.105 0.803 0.093 0.103 0.793 0.104
  1900 76042 19991  2336 17636    49  0.105 0.802 0.093 0.103 0.792 0.104
  1905 76115 19997  2295 17679    49  0.104 0.803 0.093 0.104 0.792 0.104
  1910 75956 19879  2289 17630    49  0.105 0.802 0.093 0.104 0.792 0.104
  1915 76318 20053  2313 17681    49  0.105 0.802 0.094 0.103 0.792 0.104
  1920 76161 20087  2266 17736    49  0.105 0.802 0.094 0.104 0.791 0.105
  1925 76160 19886  2304 17709    49  0.105 0.802 0.093 0.103 0.792 0.105
  1930 76019 19935  2306 17708    49  0.104 0.802 0.093 0.103 0.793 0.104
  1935 76018 20087  2242 17740    49  0.105 0.802 0.093 0.103 0.792 0.105
  1940 76024 20056  2332 17537    49  0.105 0.802 0.094 0.104 0.791 0.105
  1945 76207 20059  2358 17782    49  0.105 0.801 0.094 0.104 0.792 0.105
  1950 76146 19800  2238 17665    49  0.105 0.802 0.093 0.103 0.792 0.105
  1955 76214 20212  2341 17665    49  0.105 0.802 0.093 0.103 0.792 0.105
  1960 76113 19852  2347 17603    49  0.106 0.801 0.093 0.104 0.792 0.105
  1965 76139 19918  2317 17601    49  0.106 0.801 0.093 0.104 0.792 0.104
  1970 76167 19823  2318 17717    49  0.106 0.801 0.093 0.104 0.791 0.104
  1975 76230 19903  2223 17783    49  0.106 0.800 0.094 0.104 0.790 0.105
  1980 76260 19958  2350 17636    49  0.106 0.801 0.094 0.105 0.791 0.105
  1985 76027 20064  2357 17605    49  0.105 0.801 0.093 0.104 0.792 0.104
  1990 76164 19934  2307 17677    49  0.105 0.802 0.093 0.104 0.792 0.104
  1995 76171 20094  2255 17788    49  0.105 0.802 0.093 0.103 0.793 0.104
  2000 76157 20027  2260 17593    49  0.105 0.802 0.094 0.104 0.792 0.104
