 nmt =               50
 dmf =      T
 dff =      F
 vgr =       0.100000001    
 lde =       0.750000000    
 theta =     0.500000000    
 sigma =     0.500000000    
 ssr =                1
 dr =        0.300000012    
 mr =         9.99999978E-03
 spdispr =           30
 gs =               300
 ini =            60000
 ngen =            2000
 Myseed =         84563
 nmap =              50
 Gen nind ndea nveg nspo num_mat veg_1 spo_1 mat_1 veg_2 spo_2 mat_2
     0 60000     0     0     0    50  0.334 0.333 0.333   NaN   NaN   NaN
     5 52653 14122  3823 10097    50  0.310 0.344 0.346 0.243 0.249 0.508
    10 51754 14149  4104  9642    50  0.282 0.333 0.385 0.216 0.232 0.552
    15 50416 13822  4140  9400    50  0.254 0.322 0.424 0.192 0.219 0.589
    20 49400 13381  4336  8890    50  0.230 0.309 0.461 0.173 0.206 0.621
    25 47968 13184  4176  8502    50  0.214 0.294 0.492 0.159 0.196 0.645
    30 46308 12768  4432  8110    50  0.200 0.281 0.519 0.145 0.187 0.668
    35 44702 12452  4308  7547    50  0.186 0.268 0.546 0.135 0.180 0.685
    40 43906 12137  4479  7374    50  0.173 0.256 0.571 0.127 0.174 0.699
    45 42960 11831  4494  7040    50  0.164 0.247 0.589 0.119 0.167 0.714
    50 42059 11498  4494  6913    50  0.156 0.238 0.606 0.113 0.161 0.727
    55 41187 11233  4622  6633    50  0.149 0.229 0.622 0.109 0.156 0.735
    60 40279 10953  4609  6455    50  0.143 0.220 0.637 0.105 0.153 0.741
    65 39118 10932  4601  5982    50  0.137 0.214 0.650 0.102 0.151 0.747
    70 38067 10704  4631  5781    50  0.132 0.207 0.661 0.099 0.149 0.753
    75 37677 10493  4595  5695    50  0.127 0.203 0.670 0.096 0.146 0.758
    80 37627 10106  4726  5630    50  0.125 0.198 0.677 0.094 0.143 0.763
    85 36852 10194  4688  5359    50  0.121 0.192 0.687 0.092 0.140 0.768
    90 36141  9965  4769  5253    50  0.118 0.187 0.695 0.091 0.139 0.770
    95 35783  9918  4616  5077    50  0.115 0.184 0.701 0.089 0.137 0.774
   100 35375  9875  4607  5018    50  0.112 0.180 0.708 0.087 0.135 0.778
   105 34379  9622  4632  4851    50  0.109 0.175 0.716 0.086 0.132 0.782
   110 34132  9381  4656  4795    50  0.106 0.172 0.722 0.084 0.130 0.786
   115 33600  9411  4696  4724    50  0.104 0.168 0.728 0.083 0.128 0.789
   120 33061  9394  4683  4450    50  0.102 0.165 0.734 0.082 0.126 0.792
   125 32847  9168  4636  4408    50  0.100 0.162 0.738 0.080 0.125 0.795
   130 32182  9110  4717  4234    50  0.098 0.159 0.743 0.078 0.124 0.798
   135 31906  9024  4645  4187    50  0.095 0.156 0.749 0.077 0.123 0.800
   140 31720  8985  4537  4213    50  0.094 0.154 0.752 0.077 0.122 0.802
   145 31436  8685  4589  4031    50  0.093 0.152 0.755 0.076 0.120 0.804
   150 31334  8800  4610  4004    50  0.092 0.150 0.758 0.075 0.119 0.806
   155 30573  8649  4592  3958    50  0.091 0.147 0.762 0.074 0.118 0.808
   160 30522  8575  4638  3883    50  0.089 0.145 0.766 0.074 0.117 0.809
   165 30278  8319  4627  3783    50  0.088 0.143 0.770 0.072 0.116 0.812
   170 29620  8403  4641  3658    50  0.086 0.141 0.772 0.071 0.115 0.814
   175 29347  8118  4530  3656    50  0.085 0.140 0.775 0.070 0.114 0.816
   180 29165  8070  4494  3555    50  0.083 0.138 0.779 0.069 0.113 0.818
   185 28926  8045  4588  3510    50  0.081 0.136 0.783 0.068 0.112 0.820
   190 29041  8140  4576  3538    50  0.080 0.134 0.786 0.067 0.111 0.822
   195 28385  8067  4531  3439    50  0.078 0.133 0.789 0.065 0.110 0.825
   200 28487  7948  4494  3423    50  0.077 0.131 0.792 0.065 0.109 0.826
   205 28117  7947  4476  3416    50  0.076 0.130 0.795 0.064 0.109 0.827
   210 27670  7919  4568  3279    50  0.074 0.128 0.798 0.063 0.108 0.829
   215 27300  7784  4437  3184    50  0.073 0.126 0.802 0.062 0.107 0.832
   220 27223  7600  4485  3190    50  0.072 0.124 0.805 0.060 0.106 0.834
   225 26936  7600  4584  3083    50  0.070 0.123 0.807 0.060 0.105 0.835
   230 26549  7691  4464  3021    50  0.069 0.121 0.810 0.059 0.104 0.836
   235 26270  7491  4476  2907    50  0.068 0.120 0.812 0.058 0.104 0.837
   240 26033  7447  4378  2952    50  0.067 0.119 0.813 0.057 0.103 0.840
   245 26173  7413  4362  2878    50  0.067 0.118 0.815 0.056 0.103 0.841
   250 26276  7495  4446  2919    50  0.066 0.118 0.816 0.056 0.103 0.842
   255 26146  7473  4425  2887    50  0.064 0.117 0.819 0.055 0.102 0.843
   260 26272  7419  4374  2961    50  0.063 0.116 0.820 0.054 0.102 0.844
   265 25539  7375  4329  2825    50  0.062 0.115 0.823 0.052 0.101 0.846
   270 25240  7390  4413  2770    50  0.061 0.114 0.825 0.051 0.100 0.848
   275 25041  7146  4275  2684    50  0.061 0.113 0.826 0.051 0.101 0.849
   280 25062  7052  4357  2785    50  0.060 0.112 0.828 0.050 0.099 0.851
   285 25183  7274  4223  2764    50  0.059 0.111 0.830 0.049 0.099 0.852
   290 24764  7143  4383  2656    50  0.058 0.110 0.832 0.048 0.098 0.853
   295 24649  7020  4317  2598    50  0.057 0.110 0.834 0.048 0.098 0.855
   300 24779  7006  4343  2663    50  0.056 0.108 0.835 0.047 0.097 0.856
   305 24294  6938  4256  2522    50  0.055 0.107 0.837 0.046 0.097 0.857
   310 24310  6938  4278  2565    50  0.054 0.107 0.839 0.046 0.095 0.859
   315 24173  6638  4417  2465    50  0.054 0.106 0.840 0.045 0.095 0.860
   320 24167  6824  4318  2563    50  0.053 0.106 0.841 0.044 0.095 0.861
   325 24018  6872  4330  2504    50  0.053 0.106 0.842 0.043 0.094 0.862
   330 23902  6737  4400  2445    50  0.052 0.105 0.843 0.043 0.094 0.863
   335 23566  6743  4193  2391    50  0.051 0.105 0.844 0.042 0.094 0.864
   340 23428  6583  4144  2403    50  0.050 0.104 0.846 0.041 0.094 0.865
   345 23093  6524  4230  2368    50  0.050 0.103 0.847 0.041 0.093 0.866
   350 23077  6453  4182  2314    50  0.049 0.102 0.849 0.040 0.092 0.868
   355 23180  6571  4166  2349    50  0.048 0.102 0.849 0.040 0.092 0.868
   360 22766  6535  4167  2312    50  0.048 0.102 0.851 0.039 0.091 0.870
   365 22558  6455  4138  2267    49  0.047 0.101 0.853 0.038 0.091 0.871
   370 22302  6428  4221  2268    49  0.046 0.101 0.853 0.038 0.090 0.871
   375 22193  6238  4154  2202    49  0.045 0.100 0.855 0.038 0.090 0.872
   380 22015  6357  4090  2139    49  0.044 0.100 0.856 0.037 0.090 0.873
   385 22032  6310  4117  2128    49  0.044 0.099 0.857 0.037 0.089 0.874
   390 21865  6136  4137  2122    49  0.043 0.099 0.858 0.036 0.089 0.875
   395 22225  6197  4113  2193    49  0.043 0.098 0.860 0.036 0.089 0.876
   400 22019  6297  4111  2118    49  0.042 0.097 0.861 0.035 0.088 0.877
   405 21946  6246  4184  2088    48  0.042 0.096 0.862 0.034 0.088 0.878
   410 21957  6217  4146  2078    48  0.041 0.096 0.863 0.034 0.087 0.879
   415 21808  6193  4111  2087    48  0.041 0.095 0.864 0.034 0.087 0.880
   420 21450  6205  3983  2037    48  0.041 0.095 0.864 0.033 0.086 0.881
   425 21363  6172  4083  1969    48  0.040 0.095 0.865 0.033 0.086 0.881
   430 21249  6040  4103  1975    48  0.040 0.095 0.865 0.032 0.086 0.882
   435 21036  5982  3952  1982    48  0.039 0.094 0.867 0.032 0.086 0.882
   440 21362  6094  4059  2053    48  0.039 0.093 0.868 0.032 0.085 0.883
   445 21247  6237  4027  1973    48  0.039 0.093 0.868 0.031 0.085 0.884
   450 21037  5990  4010  1929    48  0.038 0.093 0.869 0.031 0.084 0.885
   455 20867  6031  4002  1930    48  0.038 0.092 0.870 0.030 0.084 0.886
   460 20769  6003  3954  1907    47  0.038 0.092 0.871 0.030 0.083 0.887
   465 20781  5876  4067  1854    46  0.037 0.091 0.872 0.030 0.083 0.887
   470 20484  5897  3911  1862    46  0.037 0.091 0.872 0.029 0.083 0.888
   475 20445  5680  3918  1873    46  0.036 0.090 0.873 0.029 0.082 0.889
   480 20229  5893  4025  1865    46  0.036 0.090 0.874 0.029 0.082 0.889
   485 19846  5772  3934  1776    46  0.036 0.090 0.875 0.029 0.081 0.890
   490 19743  5814  3943  1731    46  0.035 0.089 0.875 0.029 0.081 0.891
   495 19755  5660  3944  1765    46  0.035 0.089 0.876 0.028 0.080 0.892
   500 19761  5711  3853  1770    46  0.035 0.088 0.877 0.028 0.080 0.892
   505 19502  5635  3775  1687    46  0.034 0.087 0.878 0.028 0.080 0.893
   510 19162  5700  3779  1682    46  0.034 0.087 0.879 0.028 0.079 0.893
   515 19396  5612  3805  1690    46  0.033 0.086 0.880 0.027 0.079 0.894
   520 19064  5554  3756  1633    46  0.033 0.086 0.881 0.028 0.078 0.894
   525 18781  5469  3737  1608    45  0.033 0.085 0.882 0.027 0.077 0.895
   530 18355  5543  3741  1550    45  0.033 0.085 0.882 0.027 0.077 0.895
   535 18241  5302  3673  1594    45  0.033 0.085 0.883 0.027 0.077 0.896
   540 18534  5446  3661  1594    45  0.032 0.084 0.883 0.027 0.077 0.896
   545 18380  5108  3786  1521    45  0.032 0.084 0.884 0.027 0.076 0.897
   550 18584  5268  3811  1553    45  0.032 0.084 0.884 0.027 0.076 0.897
   555 18589  5451  3781  1554    45  0.032 0.084 0.884 0.026 0.076 0.897
   560 18435  5262  3730  1562    45  0.032 0.084 0.884 0.026 0.076 0.898
   565 18350  5361  3699  1495    45  0.032 0.083 0.885 0.026 0.075 0.898
   570 18060  5277  3684  1518    45  0.032 0.082 0.885 0.026 0.075 0.899
   575 17659  5144  3706  1435    45  0.032 0.082 0.886 0.026 0.074 0.900
   580 17366  5160  3588  1392    45  0.032 0.082 0.887 0.026 0.074 0.900
   585 17518  5089  3591  1439    45  0.031 0.081 0.887 0.026 0.073 0.901
   590 17667  4944  3634  1449    44  0.031 0.081 0.888 0.026 0.073 0.901
   595 17539  5104  3598  1411    44  0.031 0.080 0.888 0.026 0.073 0.901
   600 17308  4931  3544  1392    44  0.031 0.080 0.888 0.026 0.072 0.902
   605 17284  5007  3488  1392    44  0.031 0.080 0.889 0.026 0.072 0.902
   610 17344  5050  3646  1341    44  0.031 0.080 0.889 0.026 0.071 0.903
   615 17122  4939  3545  1336    44  0.031 0.079 0.889 0.025 0.071 0.903
   620 16751  4965  3470  1320    44  0.031 0.079 0.889 0.025 0.071 0.904
   625 16667  4840  3458  1281    44  0.031 0.079 0.890 0.025 0.071 0.904
   630 16562  4709  3487  1308    44  0.031 0.079 0.890 0.025 0.071 0.904
   635 16334  4894  3508  1225    43  0.031 0.079 0.891 0.025 0.071 0.904
   640 16142  4675  3452  1247    43  0.031 0.079 0.890 0.025 0.070 0.904
   645 16117  4682  3389  1294    43  0.030 0.079 0.891 0.025 0.070 0.904
   650 16058  4667  3383  1278    43  0.030 0.078 0.892 0.026 0.069 0.905
   655 16465  4544  3421  1269    43  0.030 0.078 0.892 0.025 0.069 0.906
   660 16511  4633  3529  1234    43  0.030 0.078 0.892 0.026 0.069 0.905
   665 16198  4713  3435  1252    43  0.030 0.077 0.893 0.026 0.069 0.905
   670 16041  4629  3339  1221    43  0.030 0.077 0.893 0.025 0.069 0.906
   675 15862  4629  3374  1200    43  0.030 0.076 0.893 0.025 0.069 0.906
   680 15865  4504  3366  1161    43  0.030 0.076 0.894 0.025 0.068 0.907
   685 15951  4556  3375  1204    43  0.030 0.076 0.894 0.025 0.068 0.907
   690 15796  4598  3328  1167    43  0.030 0.076 0.894 0.025 0.068 0.907
   695 15577  4431  3328  1131    43  0.030 0.075 0.895 0.025 0.068 0.907
   700 15619  4471  3309  1203    43  0.030 0.076 0.894 0.025 0.068 0.908
   705 15255  4270  3272  1113    43  0.030 0.075 0.895 0.025 0.067 0.909
   710 15384  4404  3379  1100    43  0.030 0.075 0.895 0.024 0.066 0.910
   715 15647  4413  3288  1121    43  0.030 0.075 0.895 0.024 0.066 0.909
   720 15162  4528  3142  1156    43  0.030 0.075 0.896 0.024 0.067 0.909
   725 15289  4514  3320  1118    43  0.029 0.075 0.896 0.024 0.066 0.910
   730 15390  4365  3248  1174    42  0.029 0.074 0.896 0.024 0.066 0.910
   735 15306  4423  3413  1129    42  0.029 0.074 0.896 0.024 0.066 0.910
   740 15001  4450  3171  1089    42  0.029 0.075 0.896 0.024 0.066 0.909
   745 15042  4354  3344  1131    42  0.029 0.074 0.896 0.024 0.066 0.909
   750 14993  4468  3189  1104    42  0.029 0.074 0.897 0.024 0.066 0.910
   755 15038  4358  3228  1086    42  0.029 0.074 0.897 0.024 0.066 0.910
   760 14749  4256  3157  1068    42  0.029 0.074 0.897 0.024 0.066 0.910
   765 14942  4279  3227  1098    42  0.029 0.073 0.898 0.024 0.065 0.911
   770 14856  4325  3139  1024    42  0.029 0.073 0.898 0.024 0.065 0.911
   775 14877  4265  3269  1017    42  0.029 0.073 0.898 0.024 0.065 0.911
   780 14845  4186  3286  1073    42  0.029 0.072 0.898 0.024 0.064 0.912
   785 14920  4244  3273  1048    42  0.029 0.072 0.898 0.023 0.065 0.912
   790 15111  4390  3241  1089    42  0.029 0.072 0.899 0.024 0.065 0.911
   795 14842  4264  3212  1102    42  0.029 0.072 0.898 0.024 0.065 0.911
   800 14631  4292  3096  1038    42  0.030 0.072 0.898 0.024 0.065 0.912
   805 14617  4176  3210  1025    42  0.029 0.072 0.899 0.024 0.065 0.912
   810 14616  4330  3076  1056    42  0.029 0.072 0.899 0.023 0.064 0.913
   815 14257  4292  3171  1023    42  0.029 0.072 0.899 0.024 0.064 0.912
   820 14362  4171  3213   990    42  0.029 0.072 0.899 0.024 0.064 0.912
   825 14330  4086  3139  1026    42  0.029 0.072 0.899 0.024 0.064 0.912
   830 14134  4054  3077   971    42  0.029 0.071 0.899 0.024 0.064 0.912
   835 13945  4111  3047   959    42  0.029 0.071 0.900 0.024 0.064 0.913
   840 13940  4184  3063   999    42  0.029 0.071 0.900 0.024 0.064 0.912
   845 13995  3989  3109  1019    42  0.029 0.071 0.900 0.023 0.064 0.913
   850 13911  4076  3068   966    42  0.029 0.071 0.900 0.023 0.064 0.913
   855 14112  3994  3129  1036    42  0.029 0.071 0.900 0.024 0.064 0.913
   860 13831  3965  3026   993    41  0.029 0.071 0.900 0.024 0.064 0.912
   865 13683  4009  3028   876    41  0.029 0.071 0.900 0.024 0.064 0.912
   870 13759  4012  3055   985    41  0.029 0.071 0.900 0.024 0.064 0.912
   875 13858  3974  3065  1017    41  0.029 0.071 0.901 0.024 0.064 0.913
   880 13650  3956  2967   964    41  0.029 0.071 0.900 0.024 0.063 0.913
   885 13624  3963  3094   858    41  0.029 0.071 0.900 0.023 0.063 0.914
   890 13499  3937  3045   912    41  0.029 0.071 0.901 0.024 0.063 0.913
   895 13226  3877  2911   968    41  0.028 0.071 0.901 0.024 0.063 0.913
   900 13252  3826  2916   870    41  0.028 0.071 0.901 0.024 0.063 0.913
   905 13260  3783  2951   904    41  0.028 0.071 0.901 0.024 0.063 0.913
   910 13111  3876  2961   899    41  0.029 0.071 0.901 0.023 0.063 0.913
   915 13149  3732  2946   913    41  0.029 0.070 0.901 0.024 0.063 0.914
   920 13152  3811  2933   865    41  0.029 0.070 0.901 0.024 0.063 0.913
   925 12982  3727  2881   843    41  0.028 0.070 0.901 0.024 0.063 0.914
   930 12899  3787  2806   863    41  0.029 0.070 0.901 0.024 0.062 0.914
   935 13079  3750  2824   916    41  0.029 0.070 0.901 0.023 0.063 0.914
   940 12821  3784  2819   883    41  0.028 0.070 0.902 0.024 0.063 0.913
   945 12943  3760  2884   870    41  0.028 0.069 0.903 0.023 0.063 0.914
   950 13190  3760  2966   855    41  0.028 0.070 0.902 0.023 0.063 0.914
   955 12886  3836  2848   864    41  0.028 0.070 0.902 0.023 0.063 0.914
   960 12894  3697  2873   863    41  0.028 0.070 0.903 0.023 0.063 0.914
   965 13013  3798  2864   857    41  0.028 0.070 0.902 0.023 0.063 0.914
   970 13311  3742  2890   907    41  0.028 0.070 0.902 0.023 0.063 0.914
   975 13131  3883  2845   891    41  0.028 0.070 0.902 0.023 0.062 0.915
   980 13158  3943  2965   896    41  0.028 0.070 0.902 0.023 0.062 0.915
   985 13325  3779  3076   847    41  0.028 0.070 0.902 0.023 0.063 0.914
   990 13492  3852  3048   864    41  0.028 0.070 0.902 0.023 0.063 0.914
   995 13476  4078  3014   900    41  0.028 0.070 0.902 0.023 0.062 0.915
  1000 13413  3946  2933   917    41  0.028 0.070 0.902 0.023 0.062 0.915
  1005 13331  3886  2949   868    41  0.027 0.070 0.902 0.023 0.063 0.914
  1010 13049  3895  2807   877    41  0.028 0.071 0.901 0.023 0.063 0.914
  1015 12947  3793  2828   882    41  0.028 0.071 0.901 0.023 0.063 0.914
  1020 13036  3806  2942   884    41  0.028 0.070 0.902 0.024 0.063 0.913
  1025 12993  3735  2920   873    41  0.028 0.071 0.901 0.024 0.063 0.913
  1030 12849  3812  2934   838    41  0.028 0.071 0.901 0.024 0.063 0.913
  1035 12958  3728  2949   890    41  0.028 0.071 0.901 0.024 0.064 0.912
  1040 12951  3764  2902   862    41  0.028 0.071 0.901 0.024 0.064 0.912
  1045 13155  3846  2913   902    41  0.028 0.071 0.900 0.024 0.064 0.912
  1050 13266  3843  2916   920    41  0.028 0.071 0.900 0.024 0.064 0.912
  1055 13114  3771  2964   890    41  0.028 0.071 0.900 0.023 0.064 0.913
  1060 12916  3842  2941   864    41  0.029 0.071 0.900 0.023 0.063 0.913
  1065 12868  3687  2846   884    41  0.029 0.071 0.900 0.023 0.063 0.913
  1070 13026  3797  2918   848    41  0.029 0.071 0.900 0.023 0.063 0.914
  1075 13171  3712  2909   896    41  0.028 0.071 0.900 0.023 0.063 0.914
  1080 13121  3950  2897   842    41  0.028 0.071 0.901 0.023 0.063 0.914
  1085 13338  3848  2951   913    41  0.028 0.071 0.901 0.023 0.063 0.914
  1090 13292  3919  3076   952    41  0.028 0.071 0.901 0.023 0.063 0.914
  1095 13134  3948  2892   890    41  0.028 0.071 0.901 0.023 0.063 0.915
  1100 13081  3781  2806   874    41  0.028 0.071 0.901 0.023 0.062 0.915
  1105 13100  3925  2935   880    41  0.028 0.071 0.901 0.023 0.062 0.915
  1110 13069  3859  2861   884    40  0.028 0.071 0.901 0.023 0.062 0.915
  1115 13133  3804  2957   847    40  0.028 0.071 0.901 0.023 0.062 0.915
  1120 13114  3724  2886   866    40  0.028 0.071 0.902 0.023 0.062 0.916
  1125 12978  3775  2888   810    40  0.028 0.071 0.902 0.022 0.062 0.915
  1130 12831  3703  2795   858    40  0.028 0.071 0.901 0.022 0.062 0.915
  1135 12922  3836  2860   887    40  0.028 0.070 0.901 0.022 0.062 0.915
  1140 12867  3821  2814   896    40  0.028 0.071 0.901 0.022 0.063 0.914
  1145 12866  3731  2898   905    40  0.028 0.070 0.902 0.022 0.063 0.915
  1150 12487  3597  2825   850    40  0.028 0.070 0.902 0.023 0.063 0.914
  1155 12561  3574  2876   836    40  0.029 0.070 0.901 0.023 0.063 0.914
  1160 12574  3475  2797   816    40  0.029 0.070 0.901 0.023 0.064 0.913
  1165 12767  3692  2880   891    40  0.029 0.070 0.901 0.023 0.064 0.913
  1170 12937  3732  2894   880    40  0.029 0.071 0.901 0.023 0.064 0.913
  1175 13359  3784  3009   908    40  0.029 0.071 0.901 0.023 0.064 0.913
  1180 12967  3863  2912   845    40  0.028 0.071 0.901 0.023 0.063 0.913
  1185 13193  3684  2898   900    40  0.028 0.071 0.901 0.024 0.064 0.913
  1190 13035  3667  2860   883    40  0.028 0.071 0.901 0.023 0.064 0.913
  1195 12905  3911  2819   919    40  0.028 0.070 0.901 0.024 0.063 0.913
  1200 12871  3704  2888   847    40  0.029 0.070 0.901 0.024 0.063 0.913
  1205 13065  3792  3070   827    40  0.029 0.070 0.901 0.024 0.063 0.914
  1210 12986  3852  2901   811    40  0.029 0.070 0.902 0.023 0.063 0.914
  1215 13010  3867  2856   849    40  0.029 0.070 0.901 0.024 0.063 0.914
  1220 13140  3686  3003   858    40  0.028 0.070 0.901 0.024 0.063 0.914
  1225 13199  3736  2920   915    40  0.028 0.071 0.901 0.024 0.063 0.913
  1230 12972  3800  2876   867    40  0.028 0.071 0.901 0.024 0.062 0.914
  1235 12903  3782  2880   861    40  0.028 0.071 0.901 0.024 0.062 0.914
  1240 12995  3700  2893   887    40  0.029 0.071 0.900 0.023 0.063 0.914
  1245 12739  3704  2744   793    40  0.029 0.071 0.901 0.024 0.062 0.914
  1250 12723  3694  2942   856    40  0.028 0.071 0.901 0.023 0.063 0.914
  1255 12679  3686  2787   846    40  0.029 0.071 0.900 0.023 0.062 0.914
  1260 13056  3820  2928   905    40  0.029 0.070 0.901 0.023 0.063 0.913
  1265 13106  3712  2886   886    40  0.028 0.070 0.901 0.023 0.063 0.914
  1270 13235  3894  2949   902    40  0.028 0.071 0.901 0.023 0.063 0.914
  1275 13077  3769  2936   921    40  0.029 0.071 0.901 0.024 0.063 0.913
  1280 13209  3765  2908   825    40  0.029 0.070 0.901 0.024 0.064 0.913
  1285 12746  3773  2853   851    40  0.029 0.070 0.901 0.024 0.064 0.913
  1290 12915  3659  2826   865    40  0.029 0.070 0.902 0.024 0.064 0.912
  1295 13051  3771  2829   860    40  0.029 0.070 0.901 0.023 0.064 0.913
  1300 13011  3824  2914   840    40  0.029 0.070 0.901 0.023 0.063 0.914
  1305 12666  3781  2782   811    40  0.029 0.070 0.901 0.023 0.063 0.914
  1310 12372  3588  2750   874    40  0.029 0.070 0.901 0.023 0.063 0.914
  1315 12207  3570  2751   768    40  0.028 0.070 0.901 0.023 0.063 0.914
  1320 12212  3491  2745   783    40  0.028 0.070 0.902 0.024 0.063 0.913
  1325 12126  3569  2749   796    40  0.028 0.070 0.902 0.023 0.063 0.913
  1330 12030  3499  2718   760    40  0.028 0.070 0.902 0.023 0.063 0.914
  1335 11930  3610  2741   780    40  0.028 0.070 0.902 0.023 0.063 0.914
  1340 11843  3368  2721   717    40  0.028 0.070 0.902 0.024 0.063 0.914
  1345 11883  3365  2695   811    40  0.028 0.070 0.902 0.023 0.063 0.914
  1350 11966  3467  2688   775    40  0.028 0.070 0.902 0.023 0.062 0.915
  1355 12119  3502  2835   789    40  0.028 0.070 0.902 0.023 0.063 0.914
  1360 12074  3501  2777   793    40  0.028 0.070 0.902 0.023 0.063 0.914
  1365 12217  3501  2757   804    40  0.028 0.071 0.901 0.023 0.063 0.914
  1370 12447  3589  2788   839    40  0.028 0.071 0.901 0.023 0.063 0.913
  1375 12665  3600  2918   779    40  0.028 0.072 0.901 0.023 0.063 0.914
  1380 12860  3770  2799   867    40  0.027 0.071 0.901 0.022 0.063 0.915
  1385 13008  3731  2874   878    40  0.028 0.071 0.901 0.023 0.063 0.914
  1390 13091  3665  2929   885    40  0.028 0.071 0.901 0.022 0.063 0.915
  1395 13251  3801  2997   839    40  0.028 0.071 0.901 0.023 0.063 0.914
  1400 13291  3735  2928   912    40  0.027 0.071 0.902 0.023 0.063 0.914
  1405 13105  3777  2915   881    40  0.028 0.071 0.901 0.023 0.063 0.914
  1410 13385  3813  2957   861    40  0.028 0.071 0.901 0.023 0.063 0.914
  1415 13526  3840  3003   891    40  0.028 0.072 0.901 0.023 0.064 0.913
  1420 13473  3950  2906   914    40  0.028 0.072 0.900 0.023 0.063 0.914
  1425 13525  3913  2953   937    40  0.028 0.072 0.901 0.023 0.064 0.914
  1430 13434  3979  2999   923    40  0.028 0.072 0.900 0.023 0.064 0.913
  1435 13767  3962  3041   958    40  0.028 0.071 0.901 0.023 0.064 0.913
  1440 13779  3963  3019   939    40  0.028 0.072 0.901 0.023 0.064 0.913
  1445 14089  3938  3004   993    40  0.028 0.071 0.901 0.023 0.064 0.913
  1450 13671  4057  3021   989    40  0.028 0.072 0.900 0.024 0.064 0.913
  1455 13848  3906  3077   979    40  0.028 0.072 0.900 0.023 0.064 0.912
  1460 14026  4021  3071   943    40  0.028 0.072 0.900 0.023 0.064 0.912
  1465 13978  4048  3032   963    40  0.028 0.072 0.900 0.023 0.064 0.913
  1470 13938  4059  3047   975    40  0.028 0.072 0.900 0.023 0.064 0.913
  1475 13827  4175  3019   961    40  0.028 0.072 0.900 0.023 0.064 0.913
  1480 13878  3943  2991   967    40  0.028 0.072 0.900 0.023 0.064 0.913
  1485 14122  4058  3206  1020    40  0.028 0.072 0.900 0.023 0.063 0.914
  1490 14019  4128  3067   943    40  0.028 0.072 0.900 0.023 0.063 0.914
  1495 14056  4103  3167   961    39  0.028 0.071 0.901 0.024 0.063 0.913
  1500 13950  4080  3057   942    39  0.028 0.071 0.901 0.023 0.063 0.913
  1505 13507  3994  2972   893    39  0.028 0.071 0.901 0.024 0.063 0.914
  1510 13579  3979  2994   925    39  0.029 0.071 0.900 0.024 0.063 0.914
  1515 13443  3970  2920   916    39  0.028 0.071 0.900 0.024 0.063 0.914
  1520 13419  3871  2934   964    39  0.029 0.071 0.900 0.024 0.063 0.913
  1525 13541  3872  2971   972    39  0.029 0.071 0.900 0.024 0.064 0.913
  1530 13515  3957  2928   967    39  0.028 0.072 0.900 0.024 0.064 0.912
  1535 13578  3870  2952   970    39  0.029 0.072 0.900 0.024 0.064 0.912
  1540 13639  3896  2986   904    39  0.028 0.071 0.901 0.024 0.063 0.913
  1545 13729  3975  3004   970    39  0.029 0.071 0.901 0.023 0.064 0.913
  1550 13871  4021  3068  1007    39  0.028 0.071 0.901 0.023 0.063 0.914
  1555 13679  4081  3138   924    39  0.028 0.071 0.900 0.023 0.063 0.914
  1560 13593  3994  3102   923    39  0.029 0.071 0.900 0.023 0.063 0.914
  1565 13743  3922  3019   942    39  0.028 0.072 0.900 0.024 0.063 0.913
  1570 13771  3847  3066   970    38  0.028 0.072 0.900 0.023 0.063 0.914
  1575 14076  4075  3223   938    38  0.028 0.071 0.900 0.023 0.064 0.913
  1580 14048  4070  3091   974    38  0.028 0.072 0.900 0.023 0.063 0.913
  1585 13877  4036  3108   905    38  0.028 0.072 0.900 0.023 0.063 0.914
  1590 14018  3910  3088   959    38  0.028 0.072 0.900 0.023 0.062 0.915
  1595 13358  3813  2895   919    38  0.028 0.071 0.901 0.023 0.062 0.915
  1600 13229  3833  2897   898    38  0.028 0.071 0.901 0.024 0.063 0.913
  1605 13199  3867  2885   869    38  0.028 0.072 0.900 0.024 0.063 0.913
  1610 13326  3777  2998   855    38  0.028 0.072 0.900 0.024 0.063 0.913
  1615 13061  3830  2874   870    38  0.028 0.072 0.900 0.023 0.063 0.913
  1620 13352  3959  2911   906    38  0.028 0.071 0.900 0.023 0.063 0.913
  1625 13318  3868  2911   934    38  0.028 0.072 0.901 0.024 0.063 0.913
  1630 13347  3943  3046   910    38  0.028 0.072 0.900 0.024 0.064 0.913
  1635 13693  3940  2960   954    38  0.028 0.072 0.900 0.024 0.063 0.913
  1640 13545  3799  2957   969    38  0.028 0.072 0.900 0.024 0.064 0.913
  1645 13797  3938  3038   944    38  0.028 0.072 0.900 0.024 0.063 0.913
  1650 13650  4041  3036   915    38  0.029 0.072 0.900 0.024 0.063 0.913
  1655 13780  3976  3196   930    38  0.029 0.072 0.900 0.024 0.064 0.912
  1660 13471  4063  2949   930    38  0.029 0.072 0.899 0.024 0.064 0.912
  1665 13729  3887  3032   963    38  0.029 0.072 0.899 0.024 0.064 0.912
  1670 13642  3830  2961   941    38  0.029 0.072 0.899 0.024 0.064 0.911
  1675 13679  3912  3024   931    38  0.029 0.072 0.899 0.024 0.065 0.911
  1680 13642  4049  3035   951    38  0.029 0.072 0.899 0.024 0.065 0.911
  1685 13547  3872  3037   931    38  0.029 0.072 0.898 0.024 0.065 0.911
  1690 13848  4091  3050  1008    38  0.029 0.072 0.899 0.025 0.065 0.911
  1695 13943  4030  3115   937    38  0.029 0.072 0.899 0.024 0.064 0.911
  1700 13853  3973  2959   989    38  0.029 0.072 0.899 0.024 0.065 0.911
  1705 13789  4071  3100   979    38  0.029 0.072 0.899 0.024 0.064 0.912
  1710 13584  4017  3063   934    38  0.029 0.072 0.900 0.024 0.064 0.912
  1715 13674  3963  3039   951    38  0.029 0.072 0.899 0.024 0.064 0.912
  1720 13656  4089  2968   935    38  0.029 0.072 0.899 0.024 0.064 0.912
  1725 13938  3938  3049   997    38  0.029 0.072 0.899 0.025 0.064 0.911
  1730 13984  4106  3075   980    38  0.029 0.072 0.899 0.024 0.065 0.911
  1735 14076  4121  3081   935    38  0.029 0.072 0.899 0.025 0.065 0.911
  1740 14146  4060  3124   983    38  0.028 0.072 0.900 0.024 0.064 0.912
  1745 13926  4024  3025   974    38  0.028 0.072 0.900 0.024 0.064 0.911
  1750 14017  4086  3118   979    38  0.028 0.072 0.899 0.024 0.064 0.912
  1755 14009  4124  3050   998    38  0.028 0.072 0.900 0.024 0.064 0.911
  1760 14293  4172  3118   919    38  0.029 0.072 0.900 0.024 0.064 0.911
  1765 14609  4057  3138  1033    38  0.028 0.072 0.900 0.024 0.064 0.912
  1770 14416  4268  3095  1016    38  0.028 0.072 0.900 0.024 0.064 0.912
  1775 14456  4164  3126   984    38  0.028 0.072 0.900 0.024 0.064 0.913
  1780 13906  4025  3028   909    38  0.029 0.072 0.900 0.024 0.063 0.913
  1785 13934  4036  3021   975    38  0.029 0.071 0.900 0.025 0.063 0.912
  1790 13759  3973  3101   922    38  0.029 0.071 0.900 0.024 0.064 0.912
  1795 13733  4045  2986   933    38  0.029 0.071 0.900 0.024 0.063 0.913
  1800 13698  3970  3016   932    38  0.029 0.071 0.900 0.024 0.063 0.913
  1805 13757  4038  3141   931    38  0.029 0.071 0.900 0.024 0.063 0.913
  1810 13990  4003  3143   966    38  0.029 0.071 0.900 0.025 0.063 0.912
  1815 13568  3989  2903   961    38  0.029 0.071 0.900 0.025 0.063 0.913
  1820 13380  3971  2982   887    38  0.029 0.071 0.900 0.025 0.062 0.913
  1825 13493  3824  3039   920    38  0.029 0.071 0.900 0.024 0.063 0.912
  1830 13220  4031  2972   853    38  0.029 0.071 0.900 0.025 0.063 0.912
  1835 13124  3703  2959   866    38  0.029 0.071 0.900 0.025 0.063 0.912
  1840 13090  3833  2985   843    38  0.029 0.070 0.901 0.025 0.063 0.912
  1845 13067  3802  2864   871    38  0.029 0.071 0.900 0.025 0.063 0.912
  1850 13094  3834  2947   871    38  0.029 0.070 0.901 0.025 0.063 0.913
  1855 13162  3779  2842   908    38  0.029 0.070 0.901 0.025 0.062 0.913
  1860 12648  3775  2834   726    38  0.029 0.070 0.901 0.025 0.062 0.913
  1865 12711  3513  2848   795    38  0.029 0.070 0.900 0.025 0.062 0.913
  1870 12553  3664  2821   815    38  0.030 0.071 0.900 0.025 0.063 0.913
  1875 12687  3538  2830   911    38  0.030 0.071 0.899 0.025 0.063 0.912
  1880 12691  3663  2812   820    38  0.030 0.070 0.899 0.024 0.063 0.912
  1885 12611  3659  2817   837    38  0.030 0.070 0.900 0.024 0.064 0.912
  1890 12604  3730  2866   819    38  0.030 0.070 0.900 0.024 0.064 0.912
  1895 12585  3544  2809   814    38  0.030 0.070 0.900 0.024 0.063 0.913
  1900 12608  3679  2817   856    38  0.030 0.070 0.900 0.025 0.062 0.913
  1905 12535  3699  2782   814    38  0.030 0.070 0.901 0.025 0.062 0.913
  1910 12589  3680  2874   824    38  0.029 0.070 0.900 0.025 0.063 0.913
  1915 12783  3633  2857   870    38  0.029 0.070 0.901 0.025 0.062 0.913
  1920 12430  3748  2788   811    38  0.029 0.070 0.901 0.025 0.061 0.914
  1925 12264  3507  2752   775    38  0.029 0.070 0.901 0.025 0.062 0.913
  1930 12344  3521  2756   786    38  0.030 0.070 0.901 0.025 0.061 0.914
  1935 12256  3608  2846   769    38  0.030 0.070 0.901 0.024 0.062 0.914
  1940 12277  3691  2844   765    38  0.030 0.070 0.901 0.024 0.061 0.914
  1945 12313  3620  2809   753    38  0.030 0.070 0.901 0.025 0.062 0.914
  1950 12568  3548  2862   757    38  0.030 0.069 0.901 0.025 0.062 0.913
  1955 12523  3636  2899   779    37  0.030 0.069 0.901 0.025 0.062 0.912
  1960 12416  3570  2759   798    37  0.030 0.069 0.901 0.025 0.062 0.912
  1965 12272  3580  2841   834    37  0.030 0.069 0.901 0.025 0.062 0.913
  1970 12209  3580  2759   788    37  0.029 0.069 0.902 0.025 0.062 0.913
  1975 12498  3474  2869   831    37  0.030 0.069 0.902 0.025 0.062 0.913
  1980 12265  3619  2669   815    37  0.029 0.069 0.902 0.025 0.062 0.913
  1985 12258  3519  2783   851    37  0.030 0.069 0.901 0.024 0.062 0.913
  1990 12411  3541  2734   797    37  0.030 0.069 0.901 0.024 0.062 0.913
  1995 12488  3562  2778   840    37  0.030 0.070 0.900 0.025 0.062 0.913
  2000 12218  3669  2745   807    37  0.030 0.069 0.900 0.025 0.062 0.913
