 nmt =               50
 dmf =      T
 dff =      F
 vgr =       0.100000001    
 lde =        1.00000000    
 theta =     0.500000000    
 sigma =     0.500000000    
 ssr =                1
 dr =        0.300000012    
 mr =         9.99999978E-03
 spdispr =           30
 gs =               300
 ini =            60000
 ngen =            2000
 Myseed =         84563
 nmap =              50
 Gen nind ndea nveg nspo num_mat veg_1 spo_1 mat_1 veg_2 spo_2 mat_2
     0 60000     0     0     0    50  0.333 0.332 0.334   NaN   NaN   NaN
     5 52823 14069  4047 10008    50  0.310 0.345 0.344 0.237 0.246 0.518
    10 51834 14012  4017  9650    50  0.278 0.341 0.381 0.205 0.224 0.571
    15 50327 13562  4194  9235    50  0.250 0.334 0.416 0.176 0.204 0.620
    20 48808 13372  4180  8894    50  0.229 0.325 0.446 0.154 0.189 0.657
    25 47365 13023  4255  8372    50  0.212 0.318 0.469 0.136 0.173 0.691
    30 46200 12668  4430  8099    50  0.200 0.311 0.489 0.122 0.158 0.720
    35 45599 12272  4410  7928    50  0.191 0.311 0.497 0.110 0.150 0.740
    40 45089 12357  4377  7787    50  0.183 0.315 0.502 0.100 0.138 0.761
    45 44296 12242  4434  7725    50  0.177 0.320 0.503 0.092 0.136 0.772
    50 44784 12206  4358  7902    50  0.174 0.334 0.492 0.087 0.133 0.780
    55 45433 12562  4448  7901    50  0.171 0.345 0.484 0.082 0.130 0.788
    60 45908 12389  4413  8253    50  0.170 0.361 0.469 0.076 0.126 0.798
    65 47230 12764  4493  8540    50  0.169 0.380 0.452 0.070 0.124 0.806
    70 47983 12913  4281  8790    50  0.168 0.395 0.437 0.068 0.125 0.808
    75 48551 13216  4331  8911    50  0.169 0.410 0.421 0.064 0.123 0.813
    80 49700 13362  4316  9153    50  0.166 0.423 0.411 0.059 0.119 0.822
    85 50071 13608  4107  9507    50  0.165 0.433 0.403 0.056 0.119 0.825
    90 50890 13823  4034  9718    50  0.162 0.442 0.395 0.053 0.118 0.829
    95 51041 13790  4062  9682    50  0.160 0.452 0.388 0.049 0.115 0.836
   100 51389 13779  4136  9859    50  0.158 0.459 0.383 0.048 0.119 0.833
   105 51542 13943  3996 10039    50  0.155 0.463 0.383 0.046 0.118 0.836
   110 52119 14222  4081 10137    50  0.151 0.469 0.380 0.043 0.114 0.843
   115 52535 14126  4065 10184    50  0.148 0.474 0.377 0.041 0.114 0.845
   120 52541 13829  4110 10122    50  0.144 0.474 0.382 0.039 0.110 0.851
   125 52716 14087  4065 10284    50  0.144 0.481 0.375 0.039 0.112 0.849
   130 52704 14101  3975 10194    50  0.141 0.483 0.376 0.038 0.113 0.849
   135 53168 14244  3933 10350    50  0.139 0.489 0.372 0.037 0.114 0.848
   140 53327 14291  4082 10366    50  0.137 0.491 0.371 0.036 0.112 0.852
   145 53479 14285  3967 10453    50  0.136 0.495 0.369 0.036 0.117 0.847
   150 53121 14433  3941 10279    50  0.135 0.493 0.372 0.035 0.115 0.850
   155 53446 14284  4031 10202    50  0.134 0.494 0.372 0.036 0.117 0.847
   160 53421 14301  4006 10332    50  0.134 0.495 0.371 0.035 0.116 0.849
   165 53481 14293  3829 10473    50  0.131 0.494 0.374 0.033 0.113 0.854
   170 53219 14321  3930 10478    50  0.130 0.494 0.376 0.034 0.116 0.850
   175 53857 14405  4135 10516    50  0.131 0.500 0.369 0.033 0.116 0.850
   180 53584 14340  3935 10446    50  0.130 0.499 0.371 0.032 0.115 0.852
   185 53813 14617  3935 10589    50  0.130 0.500 0.370 0.033 0.116 0.851
   190 53826 14558  3949 10647    50  0.129 0.502 0.370 0.033 0.118 0.849
   195 53649 14512  3975 10556    50  0.129 0.502 0.369 0.033 0.117 0.851
   200 53645 14400  4002 10296    50  0.130 0.502 0.368 0.032 0.113 0.855
   205 53677 14283  4057 10405    50  0.129 0.499 0.371 0.031 0.110 0.859
   210 53766 14370  3938 10490    50  0.126 0.497 0.377 0.031 0.113 0.856
   215 53413 14250  3962 10349    50  0.126 0.499 0.375 0.031 0.113 0.857
   220 53701 14331  4008 10492    50  0.125 0.498 0.377 0.030 0.112 0.858
   225 53274 14431  3897 10455    50  0.125 0.500 0.375 0.030 0.115 0.854
   230 53805 14353  4004 10488    50  0.125 0.503 0.372 0.030 0.112 0.858
   235 54167 14487  4002 10651    50  0.124 0.507 0.369 0.032 0.117 0.851
   240 54011 14554  3845 10684    50  0.123 0.505 0.373 0.030 0.114 0.856
   245 53952 14533  3910 10513    50  0.122 0.506 0.372 0.029 0.112 0.859
   250 53694 14485  3941 10388    50  0.122 0.505 0.373 0.030 0.116 0.854
   255 54151 14561  4073 10645    50  0.121 0.504 0.375 0.031 0.119 0.850
   260 53734 14494  4081 10354    50  0.120 0.502 0.377 0.029 0.113 0.858
   265 53817 14365  3929 10406    50  0.121 0.503 0.376 0.029 0.111 0.860
   270 54006 14661  3887 10624    50  0.120 0.503 0.377 0.029 0.112 0.859
   275 53722 14380  3947 10513    50  0.120 0.504 0.377 0.028 0.109 0.862
   280 53488 14334  4036 10610    50  0.118 0.501 0.381 0.028 0.109 0.863
   285 53521 14586  3839 10501    50  0.118 0.504 0.377 0.028 0.109 0.863
   290 53664 14224  4040 10312    50  0.118 0.505 0.377 0.029 0.114 0.858
   295 53729 14511  3911 10556    50  0.118 0.509 0.373 0.028 0.111 0.860
   300 53783 14553  3907 10461    50  0.117 0.507 0.376 0.029 0.114 0.857
   305 54032 14696  4001 10589    50  0.118 0.509 0.373 0.029 0.112 0.859
   310 53751 14586  3883 10633    50  0.117 0.508 0.375 0.029 0.114 0.857
   315 53707 14434  3911 10398    50  0.117 0.512 0.371 0.028 0.114 0.857
   320 54189 14696  3925 10650    50  0.116 0.511 0.373 0.028 0.114 0.857
   325 53865 14430  3844 10393    50  0.116 0.510 0.374 0.028 0.114 0.858
   330 54308 14489  4026 10620    50  0.115 0.510 0.375 0.027 0.112 0.861
   335 54268 14628  3912 10615    50  0.115 0.509 0.376 0.028 0.115 0.857
   340 54341 14597  3970 10716    50  0.114 0.509 0.377 0.028 0.117 0.855
   345 54082 14681  3874 10543    50  0.114 0.507 0.379 0.028 0.115 0.857
   350 53894 14560  3885 10629    50  0.113 0.510 0.377 0.027 0.113 0.860
   355 54159 14743  3949 10540    50  0.114 0.511 0.376 0.027 0.115 0.858
   360 54106 14474  3899 10615    50  0.113 0.511 0.376 0.027 0.114 0.859
   365 54139 14449  3892 10598    50  0.113 0.509 0.378 0.027 0.115 0.858
   370 53647 14582  3896 10521    50  0.113 0.509 0.378 0.027 0.113 0.860
   375 54225 14589  4020 10593    50  0.113 0.512 0.374 0.027 0.114 0.859
   380 53865 14589  3781 10552    50  0.113 0.512 0.375 0.026 0.109 0.865
   385 54143 14701  4012 10507    50  0.113 0.511 0.376 0.026 0.112 0.862
   390 54462 14503  3974 10577    50  0.113 0.512 0.375 0.026 0.111 0.863
   395 54131 14613  3881 10659    50  0.113 0.511 0.376 0.028 0.115 0.857
   400 53934 14445  3882 10625    50  0.113 0.511 0.376 0.027 0.114 0.859
   405 54172 14567  3907 10640    50  0.113 0.510 0.378 0.027 0.115 0.857
   410 53866 14512  3943 10521    50  0.113 0.510 0.377 0.026 0.110 0.864
   415 53967 14415  4022 10617    50  0.113 0.514 0.373 0.026 0.111 0.862
   420 54102 14534  3917 10611    50  0.112 0.511 0.377 0.026 0.112 0.862
   425 54171 14574  3971 10542    50  0.112 0.511 0.377 0.026 0.113 0.860
   430 54052 14475  3967 10729    50  0.112 0.513 0.375 0.027 0.113 0.861
   435 53899 14476  3888 10523    50  0.112 0.514 0.374 0.027 0.113 0.861
   440 54283 14693  3882 10817    50  0.112 0.513 0.375 0.027 0.115 0.858
   445 54225 14585  3911 10432    50  0.111 0.513 0.376 0.027 0.114 0.860
   450 54582 14610  3937 10758    50  0.111 0.513 0.377 0.025 0.110 0.865
   455 54288 14596  3970 10457    50  0.110 0.509 0.381 0.026 0.111 0.863
   460 53969 14439  4090 10604    50  0.111 0.513 0.376 0.026 0.111 0.864
   465 54006 14589  4027 10719    50  0.111 0.514 0.375 0.026 0.113 0.862
   470 54069 14623  3916 10521    50  0.112 0.517 0.372 0.025 0.110 0.865
   475 54519 14555  3990 10678    50  0.111 0.516 0.372 0.026 0.110 0.864
   480 53972 14632  3921 10570    50  0.111 0.514 0.375 0.025 0.111 0.864
   485 54202 14798  3847 10593    50  0.111 0.513 0.376 0.026 0.112 0.863
   490 54183 14509  3904 10577    50  0.111 0.514 0.375 0.026 0.111 0.863
   495 54217 14627  3991 10711    50  0.111 0.513 0.376 0.026 0.113 0.861
   500 53891 14645  4002 10487    50  0.111 0.514 0.375 0.026 0.112 0.862
   505 54289 14645  3963 10675    50  0.112 0.516 0.372 0.026 0.112 0.862
   510 54297 14552  3847 10743    49  0.112 0.512 0.375 0.026 0.111 0.862
   515 53739 14533  3954 10588    49  0.112 0.513 0.375 0.026 0.112 0.863
   520 54231 14608  3903 10743    48  0.112 0.514 0.374 0.027 0.117 0.856
   525 54250 14461  3893 10734    48  0.111 0.514 0.375 0.026 0.114 0.860
   530 54238 14513  3969 10630    48  0.111 0.513 0.376 0.026 0.116 0.858
   535 54667 14456  3877 10774    48  0.110 0.516 0.373 0.027 0.117 0.856
   540 54591 14549  3890 10718    48  0.110 0.517 0.373 0.026 0.113 0.861
   545 54499 14647  4038 10611    48  0.111 0.515 0.374 0.026 0.112 0.862
   550 54363 14595  3897 10633    48  0.111 0.514 0.375 0.026 0.112 0.862
   555 54040 14865  3973 10558    48  0.110 0.513 0.377 0.025 0.109 0.866
   560 54113 14553  3982 10639    48  0.110 0.511 0.379 0.026 0.112 0.862
   565 54621 14380  3854 10730    48  0.111 0.511 0.378 0.026 0.113 0.861
   570 54259 14448  4025 10450    47  0.111 0.512 0.377 0.025 0.107 0.868
   575 54065 14524  3896 10500    47  0.109 0.509 0.382 0.026 0.110 0.864
   580 53737 14531  3883 10339    47  0.109 0.508 0.383 0.025 0.108 0.867
   585 53937 14508  4040 10626    47  0.110 0.513 0.377 0.026 0.112 0.863
   590 54100 14553  3994 10562    47  0.110 0.512 0.378 0.026 0.111 0.863
   595 54215 14644  4011 10655    47  0.110 0.513 0.377 0.027 0.116 0.858
   600 54311 14660  3937 10638    47  0.110 0.516 0.374 0.027 0.116 0.857
   605 54312 14664  3871 10553    47  0.110 0.512 0.378 0.027 0.115 0.858
   610 53946 14804  3994 10604    47  0.111 0.515 0.374 0.027 0.114 0.859
   615 54267 14653  3893 10610    47  0.113 0.514 0.373 0.026 0.113 0.861
   620 54316 14462  3953 10731    47  0.112 0.511 0.377 0.026 0.111 0.863
   625 54400 14579  3882 10701    47  0.112 0.513 0.374 0.026 0.113 0.861
   630 54344 14584  3937 10588    47  0.112 0.516 0.373 0.026 0.113 0.860
   635 54611 14679  4025 10742    47  0.113 0.519 0.368 0.027 0.116 0.857
   640 54579 14767  3939 10711    47  0.112 0.517 0.370 0.027 0.114 0.859
   645 54580 14706  3960 10726    47  0.113 0.517 0.370 0.027 0.115 0.858
   650 54558 14635  3863 10718    47  0.111 0.515 0.374 0.026 0.112 0.862
   655 54398 14801  3919 10584    47  0.111 0.513 0.377 0.026 0.112 0.862
   660 54419 14509  3961 10633    47  0.112 0.517 0.371 0.027 0.113 0.860
   665 54381 14638  3956 10577    47  0.111 0.513 0.376 0.027 0.116 0.857
   670 54370 14490  3956 10624    47  0.111 0.515 0.374 0.026 0.114 0.860
   675 54568 14943  3847 10769    47  0.111 0.515 0.374 0.026 0.112 0.862
   680 54506 14897  3864 10732    47  0.111 0.516 0.373 0.026 0.112 0.862
   685 54768 14483  4009 10616    47  0.111 0.518 0.372 0.026 0.112 0.863
   690 54595 14853  3867 10804    47  0.110 0.518 0.372 0.025 0.109 0.866
   695 54374 14652  3922 10674    47  0.110 0.515 0.375 0.026 0.111 0.864
   700 54100 14773  3964 10692    47  0.110 0.515 0.375 0.026 0.109 0.865
   705 54011 14605  3874 10704    47  0.110 0.514 0.376 0.025 0.109 0.865
   710 54629 14809  3809 10946    47  0.110 0.517 0.373 0.026 0.112 0.862
   715 54456 14787  3887 10803    47  0.111 0.520 0.370 0.026 0.111 0.863
   720 54586 14585  3934 10896    47  0.111 0.522 0.367 0.026 0.112 0.863
   725 54685 14648  3976 10693    47  0.111 0.517 0.372 0.025 0.110 0.865
   730 54381 14649  3842 10725    47  0.111 0.518 0.371 0.025 0.110 0.865
   735 54059 14588  3834 10654    47  0.110 0.517 0.373 0.025 0.112 0.863
   740 54802 14622  3836 10883    47  0.111 0.521 0.368 0.025 0.112 0.862
   745 54719 14739  3904 10849    47  0.110 0.518 0.372 0.025 0.113 0.862
   750 54755 14892  3906 10818    47  0.110 0.517 0.373 0.025 0.112 0.863
   755 54513 14783  4012 10543    47  0.111 0.518 0.371 0.026 0.112 0.863
   760 54560 14701  4054 10682    47  0.110 0.515 0.374 0.026 0.112 0.862
   765 54483 14888  3794 10806    47  0.111 0.518 0.370 0.026 0.112 0.862
   770 54863 14579  3938 10954    47  0.112 0.521 0.367 0.027 0.117 0.856
   775 54645 14852  3960 10760    47  0.111 0.518 0.370 0.026 0.110 0.865
   780 54361 14553  3951 10723    47  0.112 0.516 0.372 0.025 0.109 0.865
   785 54659 14508  3921 10718    47  0.111 0.518 0.371 0.026 0.111 0.863
   790 54396 14576  3918 10709    47  0.110 0.518 0.372 0.025 0.109 0.866
   795 54331 14554  3873 10713    47  0.110 0.516 0.374 0.025 0.110 0.865
   800 54363 14732  3943 10693    47  0.109 0.518 0.373 0.026 0.113 0.861
   805 54768 14675  3923 10844    47  0.111 0.526 0.363 0.026 0.113 0.861
   810 54595 14684  3957 10712    47  0.110 0.520 0.370 0.026 0.113 0.861
   815 54765 14575  3876 10985    47  0.111 0.524 0.365 0.026 0.114 0.860
   820 54834 14735  3875 10709    47  0.111 0.521 0.368 0.026 0.113 0.862
   825 54755 14639  3899 10789    47  0.111 0.518 0.371 0.025 0.109 0.866
   830 54799 14598  3909 10782    47  0.111 0.521 0.367 0.025 0.109 0.866
   835 54348 14702  3941 10739    47  0.111 0.519 0.370 0.026 0.112 0.862
   840 54846 14544  3923 10858    47  0.112 0.521 0.367 0.026 0.112 0.863
   845 54443 14909  3758 10684    47  0.112 0.521 0.367 0.025 0.107 0.868
   850 54608 14439  3946 10834    47  0.112 0.519 0.369 0.026 0.110 0.864
   855 54413 14655  3885 10687    47  0.111 0.518 0.370 0.025 0.109 0.866
   860 54580 14757  3947 10717    47  0.112 0.518 0.370 0.025 0.109 0.866
   865 54519 14640  3939 10763    47  0.112 0.518 0.370 0.025 0.109 0.866
   870 54516 14857  3829 10863    47  0.111 0.515 0.374 0.025 0.109 0.866
   875 54286 14640  3899 10678    47  0.112 0.516 0.372 0.025 0.108 0.867
   880 54413 14625  3911 10707    47  0.113 0.518 0.369 0.026 0.110 0.864
   885 54558 14571  3909 10740    47  0.113 0.517 0.370 0.025 0.109 0.866
   890 54230 14485  3849 10587    46  0.112 0.515 0.373 0.026 0.110 0.865
   895 54112 14778  4021 10668    46  0.112 0.516 0.373 0.026 0.113 0.861
   900 54285 14416  3949 10567    46  0.113 0.517 0.370 0.026 0.111 0.863
   905 54511 14812  3845 10822    45  0.112 0.518 0.369 0.026 0.113 0.861
   910 54864 14772  3924 10775    45  0.112 0.520 0.367 0.026 0.111 0.863
   915 54815 14745  3974 10809    45  0.113 0.523 0.364 0.025 0.108 0.867
   920 54797 14781  3868 10836    45  0.112 0.520 0.368 0.025 0.108 0.867
   925 55035 14753  3924 10898    45  0.112 0.523 0.365 0.026 0.113 0.861
   930 54653 14939  3905 10860    45  0.111 0.521 0.367 0.026 0.114 0.860
   935 54730 14774  3817 10898    45  0.111 0.522 0.367 0.026 0.110 0.864
   940 54791 14788  3903 10817    45  0.112 0.523 0.365 0.026 0.112 0.862
   945 54698 14872  3960 10799    45  0.111 0.517 0.372 0.025 0.109 0.865
   950 54751 14560  3976 10705    45  0.111 0.520 0.369 0.025 0.110 0.864
   955 54454 14521  4050 10630    45  0.110 0.517 0.373 0.025 0.107 0.869
   960 54601 14573  3891 10739    45  0.110 0.516 0.373 0.026 0.110 0.864
   965 54908 14591  3903 10840    45  0.111 0.522 0.367 0.026 0.111 0.864
   970 54823 14773  3842 10681    45  0.110 0.523 0.367 0.025 0.110 0.865
   975 55062 14810  3897 10844    45  0.109 0.519 0.372 0.026 0.111 0.863
   980 54481 14499  3847 10730    45  0.109 0.519 0.372 0.025 0.109 0.866
   985 54441 14656  3904 10797    45  0.109 0.521 0.369 0.025 0.109 0.866
   990 54417 14563  3978 10762    45  0.109 0.519 0.371 0.026 0.112 0.862
   995 54898 14874  3911 10814    45  0.110 0.522 0.368 0.025 0.110 0.864
  1000 54847 14731  3982 10859    45  0.110 0.522 0.368 0.025 0.113 0.862
  1005 54815 14669  3935 10958    45  0.110 0.523 0.366 0.026 0.115 0.859
  1010 55077 14611  3814 11064    45  0.110 0.525 0.365 0.026 0.116 0.858
  1015 55351 14743  3836 10918    45  0.110 0.528 0.362 0.025 0.110 0.865
  1020 55035 14720  3815 10845    45  0.109 0.526 0.365 0.025 0.111 0.864
  1025 55189 14785  3907 10921    45  0.110 0.527 0.364 0.025 0.113 0.862
  1030 55219 14765  3902 10849    45  0.109 0.525 0.366 0.025 0.112 0.863
  1035 54854 14763  3841 10873    45  0.109 0.525 0.366 0.025 0.112 0.863
  1040 54791 14650  3806 10955    45  0.110 0.524 0.366 0.026 0.115 0.859
  1045 54885 14857  3819 10699    45  0.110 0.524 0.366 0.025 0.112 0.863
  1050 55001 15003  3916 10879    45  0.110 0.526 0.364 0.025 0.112 0.862
  1055 54889 14753  3907 10797    45  0.110 0.525 0.365 0.024 0.109 0.867
  1060 55050 14791  3909 10847    45  0.110 0.525 0.365 0.025 0.112 0.863
  1065 55273 14865  3925 10945    45  0.110 0.528 0.361 0.025 0.111 0.865
  1070 55315 14788  3801 10904    45  0.110 0.526 0.364 0.025 0.110 0.865
  1075 55162 14782  3875 10960    45  0.111 0.527 0.363 0.025 0.111 0.864
  1080 55016 14728  3882 10943    45  0.111 0.528 0.361 0.026 0.115 0.859
  1085 54999 14871  3874 10913    45  0.112 0.529 0.360 0.025 0.108 0.867
  1090 55333 14726  3806 11090    45  0.111 0.527 0.362 0.025 0.110 0.864
  1095 55152 14824  3897 10930    45  0.111 0.527 0.362 0.025 0.110 0.864
  1100 55123 14912  3847 10781    45  0.111 0.526 0.362 0.024 0.107 0.868
  1105 55305 14830  3833 10943    45  0.112 0.528 0.360 0.026 0.114 0.860
  1110 55282 14933  3811 10913    45  0.113 0.529 0.359 0.025 0.111 0.864
  1115 55092 14905  3922 10984    45  0.111 0.523 0.366 0.025 0.109 0.867
  1120 54709 14729  3963 10929    44  0.112 0.525 0.363 0.025 0.111 0.863
  1125 55019 14815  3938 10854    44  0.112 0.526 0.362 0.026 0.113 0.861
  1130 55257 14598  3911 10888    44  0.111 0.525 0.363 0.026 0.113 0.862
  1135 55177 14866  3955 10983    44  0.112 0.528 0.360 0.026 0.114 0.860
  1140 55022 14910  3883 10836    44  0.113 0.527 0.360 0.026 0.112 0.862
  1145 54908 14942  3836 10933    44  0.112 0.526 0.362 0.025 0.110 0.865
  1150 54888 14586  3896 10818    44  0.112 0.528 0.360 0.026 0.114 0.861
  1155 55407 14718  3863 10933    44  0.112 0.529 0.358 0.026 0.116 0.858
  1160 55435 14953  3960 10916    44  0.113 0.530 0.357 0.026 0.113 0.861
  1165 55142 14670  3904 10951    44  0.112 0.527 0.360 0.025 0.109 0.866
  1170 55079 14702  3898 10915    44  0.112 0.530 0.358 0.024 0.106 0.870
  1175 54893 14745  3738 10715    44  0.112 0.529 0.359 0.025 0.109 0.867
  1180 55431 14875  3894 11164    44  0.112 0.531 0.356 0.026 0.112 0.862
  1185 55572 14959  3788 11115    44  0.111 0.529 0.360 0.026 0.113 0.861
  1190 55347 15110  3836 10927    44  0.112 0.529 0.360 0.026 0.115 0.858
  1195 54947 14790  3841 10942    44  0.112 0.528 0.361 0.026 0.114 0.860
  1200 55141 14626  3883 10955    44  0.112 0.529 0.359 0.026 0.114 0.861
  1205 54817 14968  3826 10746    44  0.111 0.527 0.362 0.025 0.108 0.867
  1210 55198 14683  3888 10768    44  0.111 0.527 0.362 0.025 0.111 0.864
  1215 55124 14978  3841 11033    44  0.111 0.528 0.361 0.026 0.112 0.862
  1220 55109 14817  3870 10824    44  0.111 0.529 0.360 0.025 0.109 0.866
  1225 55534 14801  3992 11061    44  0.111 0.527 0.362 0.025 0.112 0.863
  1230 55471 14848  3860 11020    44  0.111 0.528 0.360 0.026 0.113 0.861
  1235 55416 14621  3927 10903    44  0.112 0.529 0.359 0.026 0.113 0.862
  1240 55300 14924  3849 10977    44  0.112 0.533 0.354 0.026 0.112 0.862
  1245 55088 14962  3811 10915    44  0.112 0.533 0.355 0.025 0.111 0.864
  1250 55402 14845  3822 11107    44  0.112 0.532 0.356 0.026 0.115 0.859
  1255 55333 14798  3862 10929    44  0.112 0.533 0.355 0.025 0.112 0.863
  1260 55517 14908  3920 11093    44  0.112 0.531 0.357 0.025 0.112 0.862
  1265 55311 14721  3960 11009    44  0.111 0.530 0.359 0.025 0.110 0.864
  1270 55144 14799  3867 10923    44  0.112 0.531 0.357 0.026 0.113 0.862
  1275 55489 14794  3845 10931    44  0.112 0.530 0.358 0.026 0.113 0.861
  1280 55332 15119  3730 10976    44  0.112 0.531 0.357 0.026 0.112 0.862
  1285 55513 14924  3870 11042    44  0.112 0.534 0.353 0.025 0.112 0.863
  1290 55146 14885  3879 10893    44  0.112 0.533 0.355 0.026 0.113 0.862
  1295 55355 14724  3923 11019    44  0.112 0.533 0.355 0.026 0.113 0.861
  1300 55585 14780  3770 10927    44  0.113 0.533 0.354 0.026 0.113 0.861
  1305 55245 14927  3810 10990    44  0.113 0.532 0.355 0.026 0.112 0.862
  1310 54933 14865  3863 10949    44  0.113 0.530 0.357 0.026 0.114 0.860
  1315 55438 15032  3794 11064    44  0.113 0.532 0.355 0.026 0.113 0.861
  1320 55110 14989  3953 10987    44  0.113 0.533 0.354 0.027 0.116 0.857
  1325 55310 14835  3814 11079    44  0.113 0.531 0.356 0.026 0.114 0.860
  1330 55711 14935  3794 10966    44  0.112 0.533 0.355 0.027 0.117 0.857
  1335 55572 14895  3962 10903    44  0.112 0.529 0.359 0.027 0.116 0.858
  1340 55617 14869  3928 11029    44  0.112 0.531 0.356 0.026 0.111 0.864
  1345 55324 14860  3853 11074    44  0.112 0.531 0.357 0.026 0.111 0.864
  1350 55315 14950  3822 11047    44  0.112 0.529 0.359 0.025 0.112 0.863
  1355 55508 14855  3746 11066    44  0.113 0.533 0.354 0.026 0.113 0.861
  1360 55363 14896  3743 10953    44  0.113 0.534 0.354 0.026 0.113 0.861
  1365 55658 14997  3796 11005    43  0.112 0.533 0.355 0.025 0.112 0.863
  1370 55565 14739  3839 11053    42  0.112 0.532 0.356 0.025 0.109 0.866
  1375 55410 14991  3795 11059    42  0.112 0.533 0.355 0.025 0.109 0.867
  1380 55524 14928  3806 11097    42  0.112 0.532 0.356 0.026 0.113 0.861
  1385 55720 14876  3858 11091    42  0.112 0.532 0.357 0.025 0.112 0.862
  1390 55565 14825  3916 10898    42  0.111 0.530 0.359 0.026 0.111 0.863
  1395 55414 15030  3910 10979    42  0.111 0.528 0.361 0.025 0.110 0.865
  1400 55535 14743  3902 11022    42  0.111 0.528 0.361 0.025 0.108 0.867
  1405 55291 14857  3834 10947    42  0.111 0.530 0.359 0.025 0.109 0.866
  1410 55234 14919  3883 10957    42  0.111 0.530 0.359 0.025 0.112 0.862
  1415 55712 14592  3822 11019    42  0.111 0.532 0.357 0.025 0.110 0.865
  1420 55548 14929  3766 11092    42  0.112 0.534 0.354 0.026 0.113 0.861
  1425 55626 14768  3800 10947    42  0.112 0.535 0.353 0.025 0.111 0.864
  1430 55369 15180  3724 11022    42  0.112 0.532 0.356 0.026 0.113 0.862
  1435 55511 14864  3723 11101    42  0.112 0.532 0.356 0.026 0.114 0.860
  1440 55670 14963  3818 11046    42  0.112 0.531 0.357 0.025 0.112 0.862
  1445 55444 14912  3849 11071    42  0.112 0.532 0.356 0.025 0.110 0.865
  1450 55834 14853  3775 10868    42  0.112 0.533 0.355 0.024 0.108 0.867
  1455 55515 14845  3855 10998    42  0.111 0.530 0.358 0.024 0.107 0.870
  1460 55384 14984  3879 11135    42  0.111 0.530 0.359 0.024 0.109 0.867
  1465 55187 14809  3788 10963    42  0.110 0.531 0.359 0.024 0.108 0.869
  1470 55273 14962  3868 11043    42  0.109 0.531 0.360 0.025 0.113 0.862
  1475 55375 14796  3896 11082    42  0.109 0.534 0.357 0.025 0.114 0.861
  1480 56076 14909  3839 11195    42  0.110 0.536 0.354 0.025 0.113 0.862
  1485 55752 15000  3791 11121    42  0.109 0.534 0.357 0.025 0.115 0.860
  1490 55700 15032  3809 11068    42  0.110 0.537 0.353 0.025 0.112 0.863
  1495 55747 14859  3889 11129    42  0.110 0.533 0.356 0.025 0.111 0.865
  1500 55853 14874  3909 11010    42  0.110 0.531 0.359 0.025 0.110 0.865
  1505 55453 14832  3854 11063    42  0.110 0.532 0.358 0.024 0.112 0.864
  1510 55485 15004  3882 10943    42  0.110 0.533 0.358 0.025 0.114 0.861
  1515 55412 14787  3875 10987    42  0.109 0.535 0.356 0.024 0.111 0.865
  1520 55690 15001  3800 11224    42  0.110 0.536 0.354 0.025 0.116 0.859
  1525 56018 15091  3792 11280    42  0.109 0.536 0.355 0.024 0.114 0.862
  1530 55863 14922  3890 11086    42  0.110 0.538 0.353 0.025 0.117 0.858
  1535 55587 14925  3736 10988    42  0.108 0.537 0.355 0.024 0.110 0.866
  1540 55940 14944  3868 11191    42  0.108 0.535 0.358 0.024 0.110 0.866
  1545 55492 15046  3821 11048    42  0.107 0.534 0.359 0.024 0.111 0.865
  1550 56136 15059  3741 11357    42  0.107 0.537 0.355 0.024 0.113 0.862
  1555 55689 15067  3773 11237    42  0.108 0.538 0.354 0.024 0.111 0.865
  1560 55793 15153  3833 10961    42  0.108 0.536 0.356 0.023 0.109 0.867
  1565 55698 14894  3870 11051    42  0.108 0.538 0.354 0.023 0.110 0.867
  1570 55826 15014  3895 11031    42  0.108 0.534 0.358 0.023 0.110 0.866
  1575 55387 15084  3718 10970    42  0.108 0.533 0.360 0.023 0.109 0.867
  1580 55351 15184  3834 11036    41  0.108 0.532 0.360 0.024 0.111 0.865
  1585 55877 14820  3909 11204    41  0.108 0.534 0.358 0.024 0.114 0.862
  1590 55824 14812  3941 11164    41  0.109 0.536 0.355 0.025 0.114 0.861
  1595 55696 14959  3967 11164    41  0.109 0.536 0.355 0.024 0.111 0.865
  1600 55736 14922  3732 11118    41  0.109 0.533 0.358 0.024 0.112 0.864
  1605 55586 15017  3848 11093    41  0.109 0.534 0.357 0.023 0.110 0.866
  1610 55634 14862  3929 11168    41  0.109 0.537 0.354 0.024 0.112 0.864
  1615 55422 14854  3913 11088    41  0.109 0.538 0.353 0.023 0.111 0.866
  1620 55709 14672  3773 10923    41  0.108 0.535 0.356 0.024 0.111 0.866
  1625 55948 14842  3917 11205    41  0.108 0.534 0.357 0.023 0.110 0.867
  1630 55486 14760  3827 10900    41  0.107 0.533 0.360 0.023 0.110 0.867
  1635 55615 14808  3835 11109    41  0.108 0.535 0.357 0.024 0.112 0.864
  1640 55590 14969  3750 11092    41  0.108 0.535 0.357 0.024 0.115 0.860
  1645 55329 14978  3765 10956    41  0.108 0.532 0.360 0.025 0.115 0.860
  1650 55415 14648  3935 10999    41  0.109 0.532 0.359 0.024 0.111 0.865
  1655 55195 14796  3818 10968    41  0.109 0.532 0.359 0.024 0.110 0.866
  1660 55245 14637  3846 10912    41  0.110 0.534 0.356 0.024 0.110 0.865
  1665 55404 14656  3802 10894    40  0.110 0.526 0.365 0.024 0.109 0.867
  1670 55168 14790  3910 10866    40  0.110 0.524 0.366 0.025 0.113 0.862
  1675 54744 15029  3923 10814    40  0.111 0.528 0.361 0.025 0.112 0.862
  1680 55434 14717  3847 11134    40  0.112 0.529 0.359 0.026 0.115 0.860
  1685 55186 14830  3956 10840    40  0.111 0.526 0.363 0.026 0.116 0.858
  1690 55156 14620  3894 11130    40  0.111 0.527 0.361 0.026 0.116 0.858
  1695 55258 14703  3813 10992    40  0.111 0.526 0.363 0.025 0.114 0.860
  1700 55126 14796  3943 10830    40  0.111 0.527 0.362 0.025 0.113 0.862
  1705 54663 14864  3817 10782    40  0.111 0.526 0.364 0.024 0.108 0.867
  1710 55077 14729  3879 10926    39  0.110 0.522 0.369 0.025 0.109 0.866
  1715 54627 14606  3856 10670    39  0.110 0.520 0.370 0.024 0.105 0.872
  1720 54565 14759  3900 10705    39  0.110 0.525 0.364 0.024 0.109 0.867
  1725 55263 14560  3900 11060    39  0.111 0.530 0.359 0.024 0.109 0.867
  1730 55369 14670  3875 10984    39  0.110 0.530 0.360 0.025 0.114 0.861
  1735 54959 14927  3717 10886    39  0.110 0.528 0.362 0.025 0.110 0.865
  1740 55054 14931  3822 10974    39  0.110 0.529 0.361 0.025 0.112 0.864
  1745 54731 14868  3838 10883    39  0.110 0.527 0.363 0.025 0.111 0.864
  1750 55107 14744  3793 11102    39  0.110 0.527 0.364 0.025 0.112 0.863
  1755 55242 14724  3830 10994    39  0.110 0.532 0.358 0.025 0.115 0.860
  1760 55705 14934  3940 11088    39  0.110 0.534 0.357 0.025 0.115 0.859
  1765 55546 15121  3862 10989    39  0.109 0.531 0.359 0.025 0.113 0.862
  1770 55182 14907  3855 11082    39  0.110 0.534 0.356 0.024 0.110 0.866
  1775 55276 15011  3804 10984    39  0.109 0.529 0.362 0.024 0.111 0.865
  1780 55188 15044  3853 10974    39  0.109 0.531 0.360 0.024 0.109 0.867
  1785 55326 15122  3843 10891    39  0.108 0.528 0.363 0.024 0.111 0.864
  1790 55459 14993  3777 11099    39  0.108 0.533 0.359 0.024 0.110 0.866
  1795 55258 14849  3809 10890    39  0.108 0.529 0.363 0.024 0.110 0.866
  1800 55311 14724  3853 10879    39  0.108 0.528 0.364 0.024 0.111 0.865
  1805 55814 14908  3982 11105    39  0.109 0.532 0.358 0.025 0.114 0.861
  1810 55692 14790  3784 11115    39  0.110 0.534 0.356 0.024 0.112 0.864
  1815 55818 15037  3911 11246    39  0.110 0.535 0.355 0.025 0.113 0.862
  1820 55282 14911  3820 11086    39  0.109 0.533 0.357 0.024 0.109 0.866
  1825 55191 14825  3893 11001    39  0.110 0.532 0.358 0.024 0.107 0.869
  1830 55210 14797  3895 11047    39  0.109 0.528 0.363 0.024 0.111 0.864
  1835 55386 14824  3872 11017    39  0.110 0.531 0.359 0.024 0.110 0.866
  1840 55269 14758  3922 10970    39  0.109 0.531 0.359 0.024 0.110 0.866
  1845 55560 14696  3785 11007    39  0.109 0.530 0.360 0.024 0.109 0.867
  1850 55369 14841  3850 10912    39  0.109 0.529 0.361 0.024 0.110 0.866
  1855 55498 14814  3844 11035    39  0.110 0.528 0.363 0.025 0.111 0.864
  1860 55499 14826  3859 10986    39  0.111 0.536 0.354 0.025 0.111 0.864
  1865 55298 14987  3782 10931    39  0.111 0.533 0.356 0.024 0.110 0.865
  1870 55465 14921  3918 11034    39  0.111 0.534 0.355 0.024 0.108 0.869
  1875 55405 14761  3921 11121    39  0.111 0.534 0.355 0.024 0.110 0.866
  1880 55376 14796  3878 11079    39  0.110 0.533 0.356 0.025 0.114 0.861
  1885 55751 14952  3852 11177    39  0.111 0.533 0.357 0.025 0.112 0.863
  1890 55394 14854  3844 11097    39  0.110 0.530 0.360 0.025 0.113 0.863
  1895 55420 14816  3826 11159    39  0.110 0.529 0.361 0.024 0.109 0.867
  1900 54937 14812  3763 10922    39  0.110 0.528 0.362 0.025 0.112 0.863
  1905 54934 14731  3878 10967    39  0.110 0.526 0.363 0.025 0.112 0.863
  1910 54881 14770  3807 10868    39  0.110 0.526 0.364 0.024 0.109 0.867
  1915 55109 14893  3899 10765    39  0.111 0.528 0.362 0.025 0.109 0.866
  1920 55578 14844  3908 10992    39  0.111 0.528 0.362 0.024 0.107 0.869
  1925 55377 14883  3760 11054    39  0.110 0.526 0.365 0.025 0.112 0.863
  1930 55016 14854  3862 10789    39  0.109 0.524 0.367 0.024 0.108 0.868
  1935 55040 14956  3887 10932    39  0.110 0.526 0.364 0.025 0.110 0.865
  1940 55123 14809  3944 10970    39  0.111 0.530 0.359 0.025 0.109 0.867
  1945 55048 14978  3960 10988    39  0.111 0.530 0.358 0.025 0.111 0.864
  1950 55580 14824  3818 11095    39  0.111 0.533 0.356 0.026 0.116 0.859
  1955 55989 14811  3854 11207    39  0.111 0.533 0.356 0.025 0.113 0.862
  1960 55616 14713  3867 11026    39  0.111 0.531 0.358 0.025 0.111 0.864
  1965 55540 14916  3860 10979    39  0.112 0.535 0.353 0.024 0.110 0.866
  1970 55575 14923  3805 10991    39  0.111 0.531 0.358 0.024 0.108 0.868
  1975 55362 14950  3883 11032    39  0.110 0.528 0.362 0.024 0.108 0.868
  1980 55427 14938  3851 11114    39  0.110 0.530 0.360 0.025 0.113 0.862
  1985 55386 14924  3854 10993    39  0.110 0.531 0.360 0.025 0.113 0.862
  1990 55503 14851  3698 11077    39  0.110 0.533 0.357 0.025 0.115 0.860
  1995 55480 14878  3779 11052    39  0.111 0.535 0.354 0.025 0.115 0.860
  2000 55708 15024  3777 11175    39  0.111 0.535 0.355 0.025 0.112 0.863
