 nmt =               50
 dmf =      F
 dff =      F
 vgr =       0.100000001    
 lde =        0.00000000    
 theta =     0.500000000    
 sigma =     0.500000000    
 ssr =                1
 dr =        0.300000012    
 mr =         9.99999978E-03
 spdispr =           30
 gs =               300
 ini =            60000
 ngen =            2000
 Myseed =         84563
 nmap =              50
 Gen nind ndea nveg nspo num_mat veg_1 spo_1 mat_1 veg_2 spo_2 mat_2
     0 60000     0     0     0    50  0.333 0.334 0.334   NaN   NaN   NaN
     5 53493 14632  3950 10351    50  0.328 0.366 0.306 0.314 0.336 0.351
    10 54768 14428  4066 11042    50  0.319 0.378 0.303 0.311 0.361 0.327
    15 55734 14913  3847 11227    50  0.313 0.387 0.300 0.308 0.377 0.315
    20 56566 15100  3850 11600    50  0.310 0.392 0.298 0.306 0.386 0.308
    25 56896 15302  3884 11438    50  0.308 0.395 0.297 0.304 0.391 0.305
    30 57558 15228  3718 11687    50  0.306 0.397 0.297 0.304 0.394 0.303
    35 57208 15515  3694 11600    50  0.305 0.398 0.297 0.303 0.395 0.302
    40 57927 15412  3740 11780    50  0.304 0.399 0.297 0.302 0.397 0.301
    45 57694 15385  3664 11577    50  0.303 0.400 0.297 0.302 0.398 0.300
    50 57535 15435  3663 11696    50  0.303 0.400 0.297 0.302 0.399 0.300
    55 57789 15417  3599 11893    50  0.303 0.400 0.297 0.301 0.399 0.300
    60 57904 15495  3651 11846    50  0.302 0.400 0.297 0.301 0.399 0.299
    65 57610 15420  3619 11657    50  0.302 0.400 0.298 0.301 0.399 0.300
    70 57982 15309  3779 11757    50  0.302 0.400 0.298 0.301 0.399 0.300
    75 57689 15279  3702 11775    50  0.302 0.400 0.298 0.301 0.399 0.300
    80 57816 15392  3707 11814    50  0.302 0.400 0.298 0.301 0.399 0.300
    85 57932 15405  3755 11651    50  0.302 0.400 0.298 0.301 0.399 0.300
    90 57907 15413  3648 11701    50  0.301 0.400 0.299 0.301 0.399 0.300
    95 57945 15565  3684 11858    50  0.301 0.400 0.299 0.300 0.399 0.300
   100 57827 15301  3671 11752    50  0.301 0.400 0.299 0.300 0.399 0.300
   105 57628 15517  3685 11790    50  0.301 0.400 0.299 0.300 0.399 0.300
   110 57804 15347  3806 11724    50  0.301 0.400 0.299 0.300 0.399 0.301
   115 57751 15494  3630 11656    50  0.301 0.400 0.299 0.300 0.399 0.301
   120 57782 15466  3677 11866    50  0.300 0.400 0.299 0.300 0.399 0.301
   125 57734 15355  3685 11704    50  0.300 0.400 0.299 0.299 0.399 0.301
   130 57619 15431  3702 11684    50  0.300 0.400 0.299 0.300 0.399 0.301
   135 57435 15373  3619 11574    50  0.300 0.400 0.300 0.299 0.399 0.301
   140 57960 15415  3595 11840    50  0.300 0.400 0.300 0.299 0.399 0.301
   145 57939 15310  3806 11762    50  0.300 0.400 0.300 0.299 0.399 0.302
   150 57771 15378  3570 11774    50  0.300 0.400 0.300 0.299 0.399 0.302
   155 57723 15417  3792 11763    50  0.300 0.400 0.300 0.299 0.399 0.302
   160 57799 15214  3699 11762    50  0.300 0.400 0.300 0.299 0.399 0.302
   165 57731 15461  3719 11800    50  0.299 0.400 0.301 0.299 0.399 0.302
   170 57655 15540  3710 11622    50  0.299 0.400 0.301 0.298 0.399 0.302
   175 57497 15363  3725 11671    50  0.299 0.400 0.301 0.298 0.399 0.302
   180 57678 15452  3740 11690    50  0.299 0.400 0.301 0.298 0.399 0.303
   185 57807 15700  3720 11727    50  0.299 0.400 0.301 0.298 0.399 0.303
   190 57573 15284  3826 11623    50  0.299 0.400 0.301 0.298 0.399 0.303
   195 57950 15324  3694 11836    50  0.299 0.400 0.301 0.298 0.399 0.303
   200 57765 15492  3652 11834    50  0.298 0.400 0.301 0.298 0.399 0.303
   205 57845 15445  3659 11876    50  0.298 0.400 0.302 0.297 0.399 0.303
   210 57890 15704  3619 11748    50  0.298 0.400 0.302 0.297 0.399 0.303
   215 57564 15652  3684 11636    50  0.298 0.400 0.302 0.297 0.399 0.304
   220 57824 15585  3868 11762    50  0.298 0.400 0.302 0.297 0.399 0.303
   225 57722 15304  3741 11639    50  0.298 0.400 0.302 0.297 0.400 0.304
   230 57963 15217  3608 11764    50  0.297 0.400 0.302 0.297 0.400 0.304
   235 58003 15200  3677 11851    50  0.297 0.400 0.302 0.297 0.400 0.304
   240 58009 15199  3711 11647    50  0.297 0.400 0.302 0.297 0.400 0.304
   245 57891 15465  3691 11720    50  0.297 0.401 0.302 0.296 0.400 0.304
   250 57679 15378  3796 11735    50  0.297 0.401 0.302 0.296 0.400 0.304
   255 57820 15404  3702 11737    50  0.297 0.401 0.303 0.296 0.400 0.304
   260 57997 15589  3580 11789    50  0.296 0.401 0.303 0.296 0.400 0.304
   265 57840 15483  3739 11696    50  0.296 0.401 0.303 0.295 0.400 0.305
   270 58405 15348  3822 11853    50  0.296 0.401 0.303 0.295 0.400 0.305
   275 57724 15601  3716 11750    50  0.296 0.401 0.303 0.295 0.400 0.305
   280 57535 15434  3808 11685    50  0.295 0.401 0.303 0.295 0.400 0.305
   285 57757 15380  3771 11780    50  0.295 0.401 0.304 0.294 0.400 0.305
   290 57874 15421  3741 11718    50  0.295 0.401 0.304 0.294 0.400 0.305
   295 57651 15252  3706 11726    50  0.295 0.401 0.304 0.294 0.400 0.306
   300 58118 15397  3643 11860    50  0.295 0.401 0.304 0.294 0.400 0.306
   305 57825 15479  3651 11701    50  0.295 0.401 0.304 0.294 0.400 0.306
   310 57833 15413  3646 11663    50  0.294 0.401 0.305 0.294 0.400 0.306
   315 57864 15596  3699 11828    50  0.294 0.401 0.305 0.293 0.400 0.306
   320 58030 15258  3649 11935    50  0.294 0.401 0.305 0.293 0.400 0.307
   325 58035 15658  3660 11945    50  0.294 0.401 0.305 0.293 0.400 0.307
   330 57881 15518  3813 11793    50  0.294 0.401 0.305 0.293 0.400 0.307
   335 57858 15513  3728 11774    50  0.294 0.401 0.305 0.293 0.400 0.307
   340 57717 15482  3692 11661    50  0.293 0.401 0.306 0.293 0.400 0.307
   345 57754 15405  3820 11756    50  0.293 0.401 0.306 0.293 0.400 0.307
   350 58492 15578  3761 11860    50  0.293 0.401 0.306 0.292 0.400 0.308
   355 58353 15562  3646 11897    50  0.293 0.401 0.306 0.292 0.400 0.308
   360 57897 15578  3647 11820    50  0.293 0.401 0.306 0.292 0.400 0.308
   365 57373 15488  3687 11647    50  0.292 0.401 0.306 0.292 0.400 0.308
   370 57799 15661  3744 11871    50  0.292 0.401 0.307 0.292 0.400 0.308
   375 57959 15310  3791 11786    50  0.292 0.401 0.307 0.291 0.400 0.308
   380 57865 15273  3738 11922    50  0.292 0.401 0.307 0.291 0.400 0.309
   385 58128 15697  3759 11707    50  0.292 0.401 0.307 0.291 0.400 0.309
   390 58010 15550  3684 11910    50  0.292 0.401 0.307 0.291 0.400 0.309
   395 57807 15450  3665 11868    50  0.292 0.401 0.307 0.291 0.400 0.309
   400 57798 15426  3670 11819    50  0.291 0.401 0.308 0.290 0.400 0.309
   405 57991 15675  3705 11874    50  0.291 0.401 0.308 0.291 0.400 0.309
   410 57966 15455  3734 11830    50  0.291 0.401 0.308 0.290 0.400 0.309
   415 57661 15377  3672 11854    50  0.291 0.401 0.308 0.290 0.400 0.310
   420 57734 15301  3665 11703    50  0.291 0.401 0.308 0.290 0.400 0.310
   425 57908 15508  3790 11793    50  0.291 0.401 0.308 0.290 0.400 0.310
   430 57468 15439  3739 11734    50  0.290 0.401 0.308 0.290 0.401 0.310
   435 57935 15583  3671 11641    50  0.290 0.401 0.308 0.290 0.400 0.310
   440 57935 15397  3670 11819    50  0.290 0.401 0.309 0.289 0.400 0.310
   445 57908 15600  3620 11835    50  0.290 0.401 0.309 0.289 0.400 0.310
   450 57848 15586  3790 11745    50  0.290 0.401 0.309 0.289 0.400 0.310
   455 57961 15383  3794 11792    50  0.290 0.401 0.309 0.289 0.401 0.310
   460 57989 15632  3728 11918    50  0.290 0.401 0.309 0.289 0.401 0.310
   465 57878 15564  3646 11804    50  0.289 0.401 0.309 0.289 0.401 0.311
   470 57995 15314  3673 11864    50  0.289 0.401 0.309 0.289 0.400 0.311
   475 57908 15332  3691 11768    50  0.289 0.401 0.309 0.289 0.401 0.311
   480 57484 15156  3613 11741    50  0.289 0.401 0.309 0.288 0.401 0.311
   485 57938 15384  3745 11821    50  0.289 0.401 0.310 0.288 0.401 0.311
   490 57783 15406  3769 11774    50  0.289 0.402 0.310 0.288 0.401 0.311
   495 58010 15401  3688 11675    50  0.289 0.402 0.310 0.288 0.401 0.311
   500 57727 15560  3628 11891    50  0.289 0.402 0.310 0.288 0.401 0.312
   505 57827 15513  3589 11774    50  0.288 0.402 0.310 0.288 0.401 0.312
   510 58041 15583  3723 11824    50  0.288 0.402 0.310 0.287 0.401 0.312
   515 57720 15403  3757 11714    50  0.288 0.401 0.310 0.287 0.401 0.312
   520 57779 15336  3782 11650    50  0.288 0.401 0.311 0.287 0.400 0.312
   525 58054 15324  3750 11849    50  0.288 0.401 0.311 0.287 0.400 0.313
   530 57899 15529  3750 11829    50  0.288 0.401 0.311 0.287 0.401 0.313
   535 57977 15598  3762 11856    50  0.287 0.402 0.311 0.287 0.401 0.313
   540 57807 15578  3705 11781    50  0.287 0.402 0.311 0.286 0.401 0.313
   545 57819 15535  3639 11706    50  0.287 0.402 0.311 0.286 0.401 0.313
   550 57734 15397  3717 11877    50  0.287 0.402 0.311 0.286 0.401 0.313
   555 58071 15232  3697 11825    50  0.287 0.401 0.312 0.286 0.401 0.313
   560 58126 15503  3659 11900    50  0.286 0.402 0.312 0.286 0.401 0.314
   565 58333 15619  3760 11859    50  0.286 0.402 0.312 0.286 0.401 0.314
   570 57906 15541  3785 11806    50  0.286 0.401 0.312 0.285 0.401 0.314
   575 58014 15366  3638 11860    50  0.286 0.402 0.312 0.285 0.401 0.314
   580 57934 15446  3626 11708    50  0.286 0.402 0.313 0.285 0.401 0.314
   585 57921 15523  3666 11810    50  0.286 0.402 0.313 0.285 0.401 0.314
   590 57921 15575  3630 11833    50  0.286 0.402 0.313 0.285 0.401 0.314
   595 57731 15501  3650 11765    50  0.285 0.402 0.313 0.285 0.401 0.315
   600 57757 15454  3647 11722    50  0.285 0.402 0.313 0.284 0.401 0.315
   605 58087 15472  3650 11952    50  0.285 0.402 0.313 0.284 0.401 0.315
   610 57663 15394  3733 11792    50  0.285 0.402 0.313 0.284 0.401 0.315
   615 57800 15417  3658 11911    50  0.285 0.402 0.313 0.284 0.401 0.315
   620 57670 15506  3713 11704    50  0.285 0.402 0.313 0.284 0.401 0.315
   625 58019 15308  3681 11889    50  0.284 0.402 0.314 0.284 0.401 0.315
   630 58000 15312  3641 11744    50  0.284 0.402 0.314 0.283 0.401 0.316
   635 57674 15746  3667 11849    50  0.284 0.402 0.314 0.283 0.401 0.316
   640 57739 15625  3705 11798    50  0.284 0.402 0.314 0.283 0.401 0.316
   645 57777 15472  3757 11748    50  0.284 0.402 0.315 0.283 0.401 0.316
   650 57983 15503  3746 11751    50  0.283 0.402 0.315 0.283 0.401 0.317
   655 57461 15395  3740 11699    50  0.283 0.402 0.315 0.283 0.401 0.317
   660 57610 15602  3737 11616    50  0.283 0.402 0.315 0.282 0.401 0.317
   665 57777 15393  3652 11789    50  0.283 0.402 0.315 0.282 0.401 0.317
   670 57920 15454  3697 11847    50  0.283 0.402 0.315 0.282 0.401 0.317
   675 57981 15807  3714 11820    50  0.283 0.402 0.315 0.282 0.401 0.317
   680 57828 15537  3699 11661    50  0.282 0.402 0.315 0.282 0.401 0.317
   685 58031 15325  3682 11797    50  0.282 0.402 0.316 0.281 0.401 0.317
   690 58031 15583  3592 11718    50  0.282 0.402 0.316 0.281 0.401 0.318
   695 58037 15557  3683 11681    50  0.282 0.402 0.316 0.281 0.401 0.317
   700 57885 15685  3626 11956    50  0.282 0.402 0.316 0.281 0.401 0.318
   705 57951 15504  3612 11768    50  0.282 0.402 0.316 0.281 0.401 0.318
   710 57952 15390  3782 11703    50  0.281 0.402 0.316 0.281 0.401 0.318
   715 57962 15526  3731 11874    50  0.281 0.402 0.317 0.280 0.401 0.318
   720 58039 15696  3645 11888    50  0.281 0.402 0.317 0.280 0.401 0.318
   725 57769 15518  3682 11757    50  0.281 0.402 0.317 0.280 0.401 0.319
   730 58272 15398  3713 11810    50  0.281 0.402 0.317 0.280 0.401 0.319
   735 57942 15594  3678 11745    50  0.281 0.402 0.317 0.280 0.401 0.319
   740 58119 15420  3638 11848    50  0.280 0.402 0.317 0.280 0.402 0.319
   745 57629 15595  3646 11793    50  0.280 0.402 0.318 0.279 0.401 0.319
   750 57717 15494  3740 11756    50  0.280 0.402 0.318 0.279 0.401 0.319
   755 58166 15357  3630 11901    50  0.280 0.402 0.318 0.279 0.401 0.320
   760 57576 15549  3682 11823    50  0.280 0.402 0.318 0.279 0.401 0.320
   765 57958 15823  3723 11884    50  0.279 0.403 0.318 0.279 0.402 0.320
   770 57949 15410  3681 11855    50  0.279 0.403 0.318 0.278 0.402 0.320
   775 57703 15450  3674 11638    50  0.279 0.402 0.319 0.278 0.402 0.320
   780 57550 15794  3649 11687    50  0.279 0.402 0.319 0.278 0.401 0.320
   785 58005 15441  3769 11886    50  0.279 0.403 0.319 0.278 0.402 0.321
   790 58052 15282  3692 11841    50  0.278 0.403 0.319 0.278 0.402 0.321
   795 57760 15522  3765 11685    50  0.278 0.403 0.319 0.278 0.402 0.321
   800 57886 15398  3686 11721    50  0.278 0.403 0.319 0.277 0.402 0.321
   805 57919 15544  3637 11764    50  0.278 0.403 0.319 0.277 0.402 0.321
   810 57933 15563  3678 11823    50  0.278 0.403 0.320 0.277 0.402 0.321
   815 57809 15458  3644 11676    50  0.277 0.403 0.320 0.277 0.402 0.321
   820 58004 15367  3633 11766    50  0.277 0.403 0.320 0.277 0.402 0.321
   825 57807 15530  3758 11790    50  0.277 0.403 0.320 0.277 0.402 0.322
   830 57766 15557  3686 11612    50  0.277 0.403 0.320 0.276 0.402 0.322
   835 58065 15330  3621 11795    50  0.277 0.403 0.321 0.276 0.402 0.322
   840 58140 15480  3692 11771    50  0.277 0.402 0.321 0.276 0.402 0.322
   845 57820 15471  3600 11610    50  0.277 0.403 0.321 0.276 0.402 0.322
   850 58145 15479  3670 11777    50  0.276 0.403 0.321 0.276 0.402 0.323
   855 58052 15584  3693 11845    50  0.276 0.403 0.321 0.275 0.402 0.323
   860 57997 15579  3592 11836    50  0.276 0.403 0.321 0.275 0.402 0.323
   865 57800 15456  3689 11662    50  0.276 0.403 0.321 0.275 0.402 0.323
   870 57823 15395  3780 11801    50  0.276 0.403 0.321 0.275 0.402 0.323
   875 58085 15545  3685 11854    50  0.276 0.403 0.322 0.275 0.402 0.323
   880 57923 15415  3676 11798    50  0.276 0.402 0.322 0.275 0.402 0.323
   885 57895 15473  3702 11845    50  0.275 0.403 0.322 0.275 0.402 0.324
   890 57983 15442  3689 11925    50  0.275 0.402 0.322 0.274 0.402 0.324
   895 58083 15487  3766 11826    50  0.275 0.402 0.322 0.274 0.402 0.324
   900 58103 15604  3688 11848    50  0.275 0.402 0.323 0.274 0.402 0.324
   905 57920 15574  3690 11809    50  0.275 0.402 0.323 0.274 0.402 0.325
   910 57927 15542  3699 11773    50  0.275 0.402 0.323 0.274 0.402 0.325
   915 57829 15469  3638 11950    50  0.274 0.402 0.323 0.274 0.402 0.325
   920 57891 15424  3673 11959    50  0.274 0.402 0.323 0.273 0.402 0.325
   925 57834 15306  3681 11800    50  0.274 0.403 0.324 0.273 0.402 0.325
   930 57593 15525  3767 11723    50  0.274 0.403 0.324 0.273 0.402 0.325
   935 58106 15402  3779 11881    50  0.274 0.403 0.324 0.273 0.402 0.325
   940 58059 15345  3791 11828    50  0.274 0.403 0.324 0.273 0.402 0.325
   945 58146 15525  3671 11791    50  0.273 0.403 0.324 0.273 0.402 0.326
   950 57914 15496  3710 11793    50  0.273 0.403 0.324 0.272 0.402 0.326
   955 57676 15412  3659 11705    50  0.273 0.403 0.324 0.272 0.402 0.326
   960 58141 15397  3771 11837    50  0.273 0.403 0.324 0.272 0.402 0.326
   965 57853 15687  3596 11794    50  0.273 0.403 0.325 0.272 0.402 0.326
   970 57668 15641  3595 11777    50  0.273 0.403 0.325 0.272 0.402 0.326
   975 57896 15551  3738 11830    50  0.272 0.403 0.325 0.272 0.402 0.326
   980 57774 15462  3661 11589    50  0.272 0.403 0.325 0.271 0.402 0.327
   985 57727 15581  3708 11839    50  0.272 0.403 0.325 0.271 0.402 0.327
   990 57679 15514  3668 11680    50  0.272 0.403 0.325 0.271 0.402 0.327
   995 57954 15645  3613 11800    50  0.272 0.403 0.325 0.271 0.402 0.327
  1000 57985 15399  3758 11938    50  0.272 0.403 0.326 0.271 0.402 0.327
  1005 57879 15592  3678 11786    50  0.271 0.403 0.326 0.270 0.402 0.327
  1010 57963 15566  3765 11726    50  0.271 0.403 0.326 0.270 0.402 0.328
  1015 57874 15609  3614 11696    50  0.271 0.403 0.326 0.270 0.402 0.328
  1020 57565 15491  3757 11749    50  0.271 0.403 0.326 0.270 0.402 0.328
  1025 57763 15359  3613 11787    50  0.271 0.403 0.326 0.270 0.402 0.328
  1030 57910 15574  3712 11614    50  0.271 0.403 0.327 0.270 0.402 0.328
  1035 58207 15515  3764 11975    50  0.270 0.403 0.327 0.270 0.402 0.328
  1040 58440 15610  3611 11876    50  0.270 0.403 0.327 0.270 0.402 0.328
  1045 58066 15313  3711 11816    50  0.270 0.403 0.327 0.269 0.402 0.329
  1050 57707 15525  3721 11885    50  0.270 0.403 0.327 0.269 0.402 0.329
  1055 57877 15450  3633 11844    50  0.270 0.403 0.327 0.269 0.402 0.329
  1060 57908 15494  3618 11812    50  0.270 0.403 0.327 0.269 0.402 0.329
  1065 58012 15609  3680 11849    50  0.270 0.403 0.328 0.269 0.402 0.329
  1070 58034 15499  3646 11782    50  0.269 0.403 0.328 0.269 0.402 0.329
  1075 57690 15511  3774 11783    50  0.269 0.403 0.328 0.269 0.402 0.330
  1080 58329 15453  3665 11841    50  0.269 0.403 0.328 0.268 0.402 0.330
  1085 57847 15585  3753 11816    50  0.269 0.403 0.328 0.268 0.402 0.330
  1090 57817 15500  3673 11808    50  0.269 0.403 0.328 0.268 0.402 0.330
  1095 57726 15508  3622 11744    50  0.269 0.403 0.329 0.268 0.402 0.330
  1100 57880 15542  3716 11860    50  0.268 0.403 0.329 0.268 0.402 0.331
  1105 57827 15445  3680 11603    50  0.268 0.402 0.329 0.268 0.402 0.331
  1110 57663 15494  3657 11599    50  0.268 0.402 0.329 0.267 0.402 0.331
  1115 57705 15437  3651 11847    50  0.268 0.402 0.329 0.267 0.402 0.331
  1120 57949 15455  3624 11865    50  0.268 0.402 0.330 0.267 0.402 0.331
  1125 57963 15608  3681 11749    50  0.268 0.402 0.330 0.267 0.402 0.331
  1130 58155 15416  3746 11946    50  0.268 0.402 0.330 0.267 0.402 0.332
  1135 57856 15349  3652 11854    50  0.268 0.402 0.330 0.267 0.402 0.332
  1140 57900 15473  3715 11867    50  0.267 0.402 0.330 0.267 0.402 0.332
  1145 57973 15384  3670 11788    50  0.267 0.402 0.330 0.266 0.402 0.332
  1150 57820 15392  3690 11895    50  0.267 0.403 0.330 0.266 0.402 0.332
  1155 57907 15439  3721 11982    50  0.267 0.402 0.331 0.266 0.402 0.332
  1160 58140 15629  3862 11954    50  0.267 0.402 0.331 0.266 0.401 0.332
  1165 58077 15630  3754 11902    50  0.267 0.402 0.331 0.266 0.401 0.333
  1170 57419 15458  3706 11716    50  0.267 0.402 0.331 0.266 0.401 0.333
  1175 57734 15563  3650 11808    50  0.266 0.402 0.331 0.266 0.401 0.333
  1180 58123 15415  3808 11709    50  0.266 0.402 0.331 0.265 0.401 0.333
  1185 58113 15580  3678 11868    50  0.266 0.402 0.332 0.265 0.402 0.333
  1190 57881 15479  3654 11591    50  0.266 0.402 0.332 0.265 0.402 0.333
  1195 57722 15410  3707 11717    50  0.266 0.402 0.332 0.265 0.402 0.333
  1200 57803 15468  3667 11837    50  0.266 0.402 0.332 0.265 0.401 0.334
  1205 57828 15605  3586 11907    50  0.265 0.402 0.332 0.265 0.401 0.334
  1210 57891 15376  3664 11728    50  0.265 0.402 0.333 0.264 0.401 0.334
  1215 58099 15466  3692 11647    50  0.265 0.402 0.333 0.264 0.401 0.334
  1220 57665 15541  3656 11653    50  0.265 0.402 0.333 0.264 0.401 0.335
  1225 58063 15286  3723 11923    50  0.265 0.402 0.333 0.264 0.401 0.335
  1230 58200 15312  3781 11848    50  0.265 0.402 0.333 0.264 0.401 0.335
  1235 58057 15466  3711 11738    50  0.265 0.402 0.333 0.264 0.401 0.335
  1240 58254 15410  3796 11903    50  0.264 0.402 0.333 0.264 0.401 0.335
  1245 58157 15481  3703 11749    50  0.264 0.402 0.333 0.263 0.401 0.335
  1250 58246 15559  3755 11917    50  0.264 0.402 0.334 0.263 0.401 0.335
  1255 58230 15320  3713 11770    50  0.264 0.402 0.334 0.263 0.401 0.335
  1260 57901 15334  3670 11876    50  0.264 0.402 0.334 0.263 0.402 0.336
  1265 57761 15762  3670 11797    50  0.263 0.403 0.334 0.263 0.402 0.336
  1270 58091 15528  3821 11926    50  0.263 0.403 0.334 0.263 0.401 0.336
  1275 58010 15564  3679 11815    50  0.263 0.403 0.334 0.263 0.402 0.336
  1280 58512 15279  3733 11919    50  0.263 0.403 0.334 0.262 0.402 0.336
  1285 58247 15545  3635 11880    50  0.263 0.403 0.334 0.262 0.402 0.336
  1290 58182 15562  3699 11957    50  0.263 0.403 0.335 0.262 0.402 0.336
  1295 58155 15603  3656 11773    50  0.262 0.403 0.335 0.262 0.402 0.336
  1300 58021 15635  3660 11961    50  0.262 0.403 0.335 0.262 0.402 0.337
  1305 57960 15228  3664 11718    50  0.262 0.403 0.335 0.261 0.402 0.337
  1310 58230 15457  3699 11771    50  0.262 0.403 0.335 0.261 0.402 0.337
  1315 58286 15546  3761 11822    50  0.262 0.403 0.335 0.261 0.402 0.337
  1320 58037 15480  3776 11746    50  0.262 0.403 0.335 0.261 0.402 0.337
  1325 57890 15724  3626 11795    50  0.262 0.403 0.335 0.261 0.402 0.337
  1330 57845 15515  3631 11873    50  0.261 0.403 0.336 0.261 0.402 0.337
  1335 57740 15663  3588 11946    50  0.261 0.403 0.336 0.261 0.402 0.337
  1340 57711 15529  3705 11731    50  0.261 0.403 0.336 0.260 0.402 0.338
  1345 58137 15393  3667 11882    50  0.261 0.403 0.336 0.260 0.402 0.338
  1350 58127 15321  3684 11819    50  0.261 0.403 0.336 0.260 0.402 0.338
  1355 58081 15613  3669 11784    50  0.261 0.403 0.337 0.260 0.402 0.338
  1360 57837 15243  3742 11758    50  0.260 0.403 0.337 0.260 0.402 0.338
  1365 58047 15320  3642 11760    50  0.260 0.403 0.337 0.260 0.402 0.339
  1370 57861 15629  3673 11941    50  0.260 0.403 0.337 0.259 0.402 0.339
  1375 57926 15753  3645 11758    50  0.260 0.403 0.337 0.259 0.402 0.339
  1380 58127 15659  3617 11795    50  0.260 0.403 0.337 0.259 0.402 0.339
  1385 57975 15540  3722 11785    50  0.260 0.403 0.337 0.259 0.402 0.339
  1390 57990 15515  3646 11721    50  0.260 0.403 0.338 0.259 0.402 0.339
  1395 57795 15581  3782 11932    50  0.260 0.403 0.338 0.258 0.402 0.339
  1400 57810 15390  3750 11613    50  0.259 0.403 0.338 0.258 0.402 0.340
  1405 58160 15648  3619 11914    50  0.259 0.403 0.338 0.258 0.402 0.340
  1410 57532 15708  3613 11675    50  0.259 0.403 0.338 0.258 0.402 0.340
  1415 57856 15422  3641 11852    50  0.259 0.403 0.338 0.258 0.402 0.340
  1420 57898 15397  3680 11710    50  0.259 0.403 0.338 0.258 0.402 0.340
  1425 58032 15506  3662 11699    50  0.258 0.403 0.339 0.257 0.402 0.340
  1430 58216 15426  3644 11847    50  0.258 0.403 0.339 0.257 0.402 0.340
  1435 58168 15441  3763 11802    50  0.258 0.403 0.339 0.257 0.402 0.340
  1440 57660 15445  3605 11829    50  0.258 0.403 0.339 0.257 0.402 0.341
  1445 57846 15637  3666 11854    50  0.258 0.403 0.339 0.257 0.402 0.341
  1450 57693 15534  3652 11726    50  0.257 0.403 0.340 0.257 0.402 0.341
  1455 58071 15469  3754 11839    50  0.257 0.403 0.340 0.257 0.402 0.341
  1460 58234 15628  3708 11904    50  0.257 0.403 0.340 0.256 0.402 0.342
  1465 58007 15749  3599 11963    50  0.257 0.403 0.340 0.256 0.402 0.342
  1470 57835 15481  3706 11842    50  0.257 0.403 0.340 0.256 0.402 0.342
  1475 58007 15570  3727 11831    50  0.257 0.403 0.340 0.256 0.402 0.342
  1480 58015 15495  3764 11807    50  0.257 0.403 0.340 0.256 0.402 0.342
  1485 58000 15651  3757 11726    50  0.256 0.403 0.340 0.256 0.402 0.342
  1490 58312 15223  3620 11882    50  0.256 0.403 0.341 0.255 0.402 0.342
  1495 57947 15481  3675 11979    50  0.256 0.403 0.341 0.255 0.402 0.342
  1500 57696 15700  3606 11800    50  0.256 0.403 0.341 0.255 0.402 0.343
  1505 57946 15524  3756 11876    50  0.256 0.403 0.341 0.255 0.402 0.343
  1510 57775 15429  3731 11911    50  0.255 0.403 0.341 0.255 0.403 0.343
  1515 58030 15630  3701 11926    50  0.255 0.403 0.341 0.255 0.403 0.343
  1520 58133 15473  3676 11883    50  0.255 0.403 0.342 0.254 0.403 0.343
  1525 58072 15651  3549 11839    50  0.255 0.403 0.342 0.254 0.403 0.343
  1530 58307 15620  3679 11837    50  0.255 0.403 0.342 0.254 0.403 0.343
  1535 58114 15522  3647 11799    50  0.254 0.404 0.342 0.254 0.403 0.344
  1540 57904 15621  3722 11752    50  0.254 0.404 0.342 0.254 0.403 0.344
  1545 58324 15388  3701 11952    50  0.254 0.404 0.342 0.253 0.403 0.344
  1550 58015 15610  3669 11813    50  0.254 0.404 0.342 0.253 0.403 0.344
  1555 58206 15452  3683 11842    50  0.254 0.404 0.343 0.253 0.403 0.344
  1560 58294 15527  3724 11762    50  0.253 0.404 0.343 0.253 0.403 0.344
  1565 57957 15491  3656 11945    50  0.253 0.404 0.343 0.252 0.403 0.345
  1570 58031 15503  3600 11920    50  0.253 0.404 0.343 0.252 0.403 0.345
  1575 58481 15657  3652 12154    50  0.253 0.404 0.343 0.252 0.403 0.345
  1580 58260 15371  3628 11937    50  0.253 0.404 0.343 0.252 0.403 0.345
  1585 58166 15398  3647 11897    50  0.253 0.404 0.343 0.252 0.403 0.345
  1590 58320 15548  3721 11856    50  0.252 0.404 0.344 0.252 0.403 0.345
  1595 58064 15656  3737 11738    50  0.252 0.404 0.344 0.251 0.403 0.346
  1600 57858 15548  3688 11779    50  0.252 0.404 0.344 0.251 0.403 0.346
  1605 57816 15612  3676 11863    50  0.252 0.404 0.344 0.251 0.403 0.346
  1610 58279 15410  3669 11989    50  0.252 0.404 0.344 0.251 0.403 0.346
  1615 57763 15630  3757 11895    50  0.252 0.404 0.344 0.251 0.403 0.346
  1620 58072 15569  3683 11839    50  0.251 0.404 0.345 0.251 0.403 0.346
  1625 57638 15528  3606 11816    50  0.251 0.404 0.345 0.251 0.403 0.346
  1630 58067 15487  3722 11879    50  0.251 0.404 0.345 0.250 0.403 0.347
  1635 57771 15601  3643 11858    50  0.251 0.404 0.345 0.250 0.403 0.347
  1640 57712 15603  3683 11683    50  0.251 0.404 0.345 0.250 0.403 0.347
  1645 58021 15684  3731 11783    50  0.251 0.404 0.345 0.250 0.403 0.347
  1650 57913 15633  3708 11663    50  0.250 0.404 0.346 0.250 0.403 0.347
  1655 58162 15766  3715 11952    50  0.250 0.404 0.346 0.249 0.403 0.347
  1660 58103 15331  3683 11932    50  0.250 0.404 0.346 0.249 0.403 0.348
  1665 57845 15353  3666 11781    50  0.250 0.404 0.346 0.249 0.403 0.348
  1670 57996 15439  3678 11842    50  0.250 0.404 0.346 0.249 0.403 0.348
  1675 58051 15660  3762 11866    50  0.249 0.404 0.347 0.249 0.403 0.348
  1680 58055 15481  3668 11981    50  0.249 0.404 0.347 0.248 0.403 0.348
  1685 58127 15603  3740 11853    50  0.249 0.404 0.347 0.248 0.403 0.349
  1690 58173 15518  3662 11838    50  0.249 0.404 0.347 0.248 0.403 0.349
  1695 57888 15543  3600 11749    50  0.249 0.404 0.347 0.248 0.403 0.349
  1700 57792 15578  3785 11744    50  0.249 0.404 0.347 0.248 0.403 0.349
  1705 57903 15259  3627 11847    50  0.248 0.404 0.348 0.248 0.403 0.349
  1710 58273 15539  3766 11794    50  0.248 0.404 0.348 0.247 0.403 0.349
  1715 58300 15490  3671 11932    50  0.248 0.404 0.348 0.247 0.403 0.349
  1720 58028 15458  3655 11985    50  0.248 0.404 0.348 0.247 0.403 0.350
  1725 58030 15560  3732 11868    50  0.248 0.404 0.348 0.247 0.403 0.350
  1730 58000 15528  3714 11809    50  0.247 0.404 0.348 0.247 0.403 0.350
  1735 57787 15501  3644 11817    50  0.247 0.404 0.349 0.247 0.403 0.350
  1740 58318 15471  3645 11965    50  0.247 0.404 0.349 0.246 0.403 0.350
  1745 57914 15720  3681 11843    50  0.247 0.404 0.349 0.246 0.403 0.351
  1750 57820 15532  3604 11656    50  0.247 0.404 0.349 0.246 0.403 0.351
  1755 58304 15564  3627 11860    50  0.247 0.404 0.349 0.246 0.403 0.351
  1760 58332 15634  3666 11842    50  0.246 0.404 0.349 0.246 0.403 0.351
  1765 58360 15383  3699 11970    50  0.246 0.404 0.350 0.245 0.404 0.351
  1770 58301 15662  3670 11943    50  0.246 0.404 0.350 0.245 0.404 0.351
  1775 58326 15513  3745 11820    50  0.246 0.405 0.350 0.245 0.404 0.351
  1780 57508 15632  3556 11655    50  0.246 0.405 0.350 0.245 0.404 0.351
  1785 58074 15562  3742 11797    50  0.246 0.405 0.350 0.245 0.404 0.352
  1790 57836 15467  3689 11729    50  0.245 0.404 0.350 0.245 0.404 0.352
  1795 58172 15460  3817 11934    50  0.245 0.405 0.350 0.244 0.404 0.352
  1800 58176 15483  3699 11942    50  0.245 0.405 0.350 0.244 0.404 0.352
  1805 58184 15557  3636 11846    50  0.245 0.404 0.351 0.244 0.404 0.352
  1810 58081 15552  3533 11967    50  0.245 0.405 0.351 0.244 0.404 0.352
  1815 57915 15469  3711 11923    50  0.245 0.405 0.351 0.244 0.404 0.352
  1820 58062 15398  3680 11819    50  0.244 0.405 0.351 0.244 0.404 0.353
  1825 58259 15486  3689 11923    50  0.244 0.405 0.351 0.243 0.404 0.353
  1830 58136 15670  3590 11917    50  0.244 0.405 0.351 0.243 0.404 0.353
  1835 58048 15637  3669 11915    50  0.244 0.405 0.352 0.243 0.404 0.353
  1840 58361 15413  3510 12171    50  0.244 0.405 0.352 0.243 0.404 0.353
  1845 58036 15423  3656 11842    50  0.243 0.405 0.352 0.243 0.404 0.354
  1850 58370 15532  3639 11943    50  0.243 0.405 0.352 0.243 0.404 0.354
  1855 57839 15452  3684 11787    50  0.243 0.405 0.352 0.242 0.404 0.354
  1860 57958 15412  3587 11777    50  0.243 0.405 0.352 0.242 0.404 0.354
  1865 58111 15515  3695 11812    50  0.243 0.405 0.353 0.242 0.404 0.354
  1870 58215 15686  3690 11790    50  0.242 0.405 0.353 0.242 0.404 0.354
  1875 58008 15612  3697 11847    50  0.242 0.405 0.353 0.241 0.404 0.355
  1880 58253 15680  3722 11945    50  0.242 0.405 0.353 0.241 0.404 0.355
  1885 58117 15454  3746 11857    50  0.242 0.405 0.353 0.241 0.404 0.355
  1890 58141 15400  3678 11823    50  0.242 0.405 0.353 0.241 0.404 0.355
  1895 58070 15562  3762 11793    50  0.241 0.405 0.354 0.241 0.404 0.355
  1900 58302 15707  3655 11928    50  0.241 0.405 0.354 0.240 0.404 0.356
  1905 58064 15654  3653 11895    50  0.241 0.405 0.354 0.240 0.404 0.356
  1910 58160 15619  3735 11855    50  0.241 0.405 0.354 0.240 0.404 0.356
  1915 58342 15547  3665 11808    50  0.241 0.405 0.354 0.240 0.404 0.356
  1920 58111 15611  3614 11759    50  0.240 0.405 0.355 0.240 0.404 0.356
  1925 58085 15428  3661 11769    50  0.240 0.405 0.355 0.239 0.404 0.356
  1930 57937 15378  3687 11720    50  0.240 0.405 0.355 0.239 0.404 0.357
  1935 57979 15670  3696 11693    50  0.240 0.405 0.355 0.239 0.404 0.357
  1940 58113 15640  3730 11874    50  0.240 0.405 0.355 0.239 0.404 0.357
  1945 58015 15535  3715 11810    50  0.240 0.405 0.356 0.239 0.404 0.357
  1950 58080 15492  3568 11970    50  0.239 0.405 0.356 0.238 0.404 0.357
  1955 58329 15420  3692 11852    50  0.239 0.405 0.356 0.238 0.404 0.358
  1960 58418 15482  3632 11907    50  0.239 0.405 0.356 0.238 0.404 0.358
  1965 58070 15598  3740 12068    50  0.239 0.405 0.356 0.238 0.404 0.358
  1970 58324 15416  3778 11845    50  0.239 0.405 0.357 0.238 0.404 0.358
  1975 57895 15550  3788 11675    50  0.238 0.405 0.357 0.238 0.404 0.358
  1980 58107 15556  3687 11859    50  0.238 0.405 0.357 0.237 0.404 0.358
  1985 58133 15685  3691 11840    50  0.238 0.405 0.357 0.237 0.404 0.358
  1990 58159 15726  3588 11850    50  0.238 0.405 0.357 0.237 0.404 0.359
  1995 58168 15612  3619 11943    50  0.238 0.405 0.357 0.237 0.404 0.359
  2000 57990 15556  3803 11928    50  0.237 0.405 0.357 0.236 0.405 0.359
