 nmt =               50
 dmf =      F
 dff =      F
 vgr =       0.100000001    
 lde =       0.899999976    
 theta =     0.500000000    
 sigma =     0.500000000    
 ssr =                1
 dr =        0.300000012    
 mr =         9.99999978E-03
 spdispr =           30
 gs =               300
 ini =            60000
 ngen =            2000
 Myseed =         84563
 nmap =              50
 Gen nind ndea nveg nspo num_mat veg_1 spo_1 mat_1 veg_2 spo_2 mat_2
     0 60000     0     0     0    50  0.334 0.333 0.333   NaN   NaN   NaN
     5 53505 14403  3902 10359    50  0.328 0.368 0.304 0.312 0.335 0.353
    10 54746 14553  3936 11063    50  0.314 0.394 0.292 0.306 0.368 0.327
    15 56622 15084  3718 11838    50  0.302 0.418 0.279 0.297 0.395 0.308
    20 58909 15409  3670 12282    50  0.293 0.437 0.270 0.290 0.416 0.294
    25 60437 15928  3596 12796    50  0.286 0.455 0.259 0.281 0.437 0.282
    30 61753 16421  3439 13270    50  0.279 0.472 0.249 0.275 0.453 0.272
    35 62211 16689  3345 13369    50  0.273 0.485 0.242 0.271 0.466 0.263
    40 63562 16759  3352 13509    50  0.268 0.497 0.235 0.265 0.480 0.256
    45 64541 16894  3166 13924    50  0.263 0.508 0.229 0.259 0.493 0.248
    50 64810 17248  3249 14081    50  0.258 0.517 0.225 0.256 0.502 0.242
    55 64973 17302  3137 14219    50  0.254 0.525 0.221 0.253 0.510 0.237
    60 65464 17494  3128 14294    50  0.252 0.530 0.217 0.250 0.518 0.233
    65 66308 17422  3149 14465    50  0.249 0.537 0.214 0.246 0.524 0.229
    70 66504 17471  3164 14700    50  0.246 0.542 0.212 0.244 0.530 0.226
    75 66575 17873  3078 14679    50  0.244 0.546 0.210 0.243 0.534 0.223
    80 66877 17852  3044 14688    50  0.242 0.550 0.208 0.240 0.539 0.221
    85 66823 17831  2988 14820    50  0.240 0.553 0.207 0.238 0.543 0.219
    90 67157 17835  3099 14828    50  0.238 0.556 0.205 0.236 0.547 0.217
    95 67463 17952  3090 14784    50  0.237 0.559 0.204 0.234 0.550 0.215
   100 67525 17930  2906 14901    50  0.235 0.562 0.204 0.233 0.553 0.213
   105 67735 17837  2874 15102    50  0.233 0.564 0.203 0.230 0.557 0.212
   110 67901 17943  2954 15080    50  0.231 0.566 0.203 0.229 0.559 0.212
   115 67932 18077  2898 14947    50  0.230 0.569 0.202 0.227 0.561 0.211
   120 68195 17914  2867 15046    50  0.228 0.570 0.202 0.226 0.563 0.211
   125 68168 18128  2902 15146    50  0.227 0.572 0.202 0.225 0.564 0.210
   130 68123 17892  3051 14936    50  0.226 0.572 0.202 0.224 0.566 0.210
   135 68350 17881  2923 15012    50  0.225 0.573 0.202 0.223 0.567 0.210
   140 68213 18239  2971 15052    50  0.224 0.574 0.202 0.222 0.568 0.209
   145 68198 17965  2972 15074    50  0.223 0.575 0.202 0.221 0.570 0.209
   150 68183 17995  2953 15106    50  0.222 0.576 0.202 0.220 0.571 0.209
   155 68211 17917  2939 15205    50  0.221 0.578 0.202 0.219 0.572 0.209
   160 68207 18260  2970 15206    50  0.220 0.579 0.201 0.218 0.573 0.208
   165 68559 18133  2887 15188    50  0.219 0.579 0.201 0.217 0.574 0.209
   170 68616 17923  2822 15315    50  0.218 0.580 0.202 0.217 0.575 0.208
   175 68476 17999  2902 15193    50  0.218 0.580 0.202 0.216 0.576 0.208
   180 68869 18144  2932 15327    50  0.217 0.581 0.202 0.215 0.577 0.208
   185 68720 18351  2959 15301    50  0.216 0.582 0.202 0.214 0.577 0.209
   190 68621 18106  2893 15234    50  0.215 0.583 0.202 0.213 0.578 0.208
   195 68509 18180  2835 15406    50  0.214 0.583 0.203 0.212 0.579 0.209
   200 68724 18108  2866 15237    50  0.213 0.584 0.203 0.212 0.579 0.209
   205 68588 18139  2986 15392    50  0.213 0.584 0.203 0.211 0.580 0.209
   210 68762 18199  2905 15314    50  0.213 0.584 0.203 0.211 0.580 0.209
   215 68718 18095  2880 15395    50  0.212 0.584 0.204 0.210 0.581 0.209
   220 68555 18213  2941 15108    50  0.211 0.585 0.204 0.210 0.581 0.209
   225 68857 18218  2794 15342    50  0.211 0.585 0.204 0.209 0.581 0.210
   230 68884 18020  3028 15062    50  0.210 0.586 0.204 0.208 0.582 0.210
   235 68669 18179  2890 15160    50  0.209 0.586 0.205 0.208 0.582 0.210
   240 68755 18173  2878 15110    50  0.209 0.585 0.205 0.207 0.583 0.211
   245 68894 18115  3093 15340    50  0.209 0.586 0.205 0.207 0.582 0.211
   250 68897 18170  2937 15219    50  0.208 0.587 0.205 0.206 0.583 0.211
   255 68924 18166  2933 15362    50  0.208 0.587 0.205 0.206 0.583 0.211
   260 68683 18284  2917 15334    50  0.207 0.588 0.206 0.205 0.584 0.211
   265 68799 18159  2869 15378    50  0.206 0.588 0.206 0.204 0.584 0.211
   270 69026 18242  2792 15365    50  0.206 0.588 0.207 0.204 0.585 0.212
   275 68918 18282  2873 15410    50  0.205 0.588 0.207 0.203 0.585 0.212
   280 68902 18296  2882 15397    50  0.205 0.589 0.207 0.203 0.585 0.212
   285 68891 18162  2915 15311    50  0.204 0.589 0.207 0.203 0.585 0.212
   290 68838 18304  2905 15234    50  0.204 0.589 0.207 0.202 0.586 0.212
   295 68983 18101  2895 15340    50  0.203 0.589 0.207 0.202 0.586 0.212
   300 68892 18422  2910 15229    50  0.203 0.589 0.208 0.201 0.586 0.213
   305 69152 18181  2996 15290    50  0.203 0.590 0.208 0.201 0.586 0.213
   310 68897 18534  2938 15299    50  0.203 0.590 0.208 0.201 0.587 0.213
   315 69122 18224  2854 15189    50  0.202 0.590 0.208 0.200 0.587 0.213
   320 68972 18147  2890 15283    50  0.202 0.590 0.208 0.200 0.587 0.213
   325 68887 18450  2805 15253    50  0.201 0.590 0.208 0.200 0.587 0.213
   330 68911 18295  2774 15460    50  0.201 0.590 0.209 0.200 0.587 0.213
   335 68796 18191  2883 15436    50  0.201 0.590 0.209 0.199 0.587 0.214
   340 69033 18599  2850 15448    50  0.200 0.590 0.209 0.198 0.587 0.215
   345 69313 18144  2813 15378    50  0.200 0.591 0.210 0.198 0.588 0.214
   350 68911 18575  2790 15352    50  0.199 0.591 0.210 0.197 0.588 0.215
   355 69080 18309  2941 15506    50  0.198 0.591 0.210 0.197 0.588 0.215
   360 68974 18464  2861 15408    50  0.198 0.591 0.211 0.196 0.588 0.215
   365 69071 18362  2940 15542    50  0.197 0.592 0.211 0.196 0.589 0.216
   370 69001 18321  2800 15357    50  0.197 0.592 0.211 0.195 0.589 0.216
   375 69197 18156  2828 15365    50  0.196 0.592 0.212 0.194 0.589 0.216
   380 69044 18520  2859 15574    50  0.196 0.592 0.212 0.194 0.590 0.217
   385 69188 18391  2839 15419    50  0.196 0.593 0.212 0.194 0.589 0.217
   390 69371 18330  2851 15585    50  0.195 0.593 0.212 0.193 0.590 0.217
   395 68819 18268  2847 15292    50  0.194 0.593 0.212 0.193 0.590 0.217
   400 69130 18335  2843 15451    50  0.194 0.593 0.213 0.192 0.590 0.217
   405 69483 18260  2953 15419    50  0.193 0.594 0.213 0.192 0.591 0.218
   410 69031 18485  2862 15240    50  0.193 0.594 0.213 0.191 0.591 0.218
   415 69168 18254  2809 15517    50  0.193 0.594 0.214 0.191 0.591 0.218
   420 69438 18175  2882 15392    50  0.192 0.594 0.214 0.191 0.591 0.218
   425 69324 18239  2924 15529    50  0.192 0.594 0.214 0.190 0.591 0.218
   430 69088 18472  2796 15303    50  0.191 0.595 0.214 0.190 0.592 0.219
   435 69004 18317  2885 15406    50  0.191 0.595 0.214 0.189 0.592 0.219
   440 69104 18382  2933 15568    50  0.190 0.595 0.214 0.189 0.592 0.219
   445 69327 18359  2812 15289    50  0.190 0.595 0.215 0.188 0.593 0.219
   450 69142 18185  2825 15371    50  0.189 0.595 0.215 0.188 0.592 0.220
   455 69341 18213  2940 15472    50  0.189 0.596 0.215 0.188 0.592 0.220
   460 69171 18466  2747 15540    50  0.189 0.596 0.215 0.187 0.593 0.220
   465 69263 18366  2865 15429    50  0.188 0.596 0.216 0.186 0.593 0.220
   470 69455 18179  2854 15410    50  0.188 0.596 0.216 0.186 0.593 0.220
   475 68999 18474  2889 15276    50  0.187 0.596 0.216 0.185 0.594 0.221
   480 68997 18435  2839 15407    50  0.187 0.596 0.217 0.185 0.593 0.221
   485 69257 18413  2782 15401    50  0.187 0.596 0.217 0.185 0.594 0.222
   490 69466 18429  2700 15574    50  0.186 0.597 0.217 0.185 0.594 0.222
   495 69223 18349  2856 15313    50  0.186 0.597 0.217 0.184 0.594 0.222
   500 69051 18270  2908 15302    50  0.185 0.597 0.218 0.184 0.594 0.222
   505 69380 18193  2872 15512    50  0.185 0.597 0.218 0.183 0.594 0.223
   510 69308 18053  2868 15520    50  0.185 0.597 0.218 0.183 0.594 0.223
   515 69354 18229  2844 15377    50  0.184 0.598 0.218 0.182 0.595 0.223
   520 69531 18396  2834 15604    50  0.184 0.598 0.218 0.182 0.595 0.223
   525 69389 18271  2860 15582    50  0.183 0.599 0.218 0.182 0.596 0.223
   530 69602 18151  2801 15614    50  0.183 0.599 0.218 0.181 0.596 0.223
   535 69367 18367  2855 15601    50  0.183 0.599 0.218 0.181 0.596 0.223
   540 69351 18361  2786 15551    50  0.182 0.600 0.218 0.181 0.596 0.223
   545 69504 18240  2884 15464    50  0.182 0.600 0.219 0.180 0.596 0.224
   550 69412 18375  2873 15536    50  0.181 0.599 0.219 0.180 0.596 0.224
   555 69197 18364  2750 15477    50  0.181 0.600 0.220 0.179 0.597 0.224
   560 69513 18286  2778 15469    50  0.180 0.600 0.220 0.179 0.596 0.225
   565 69355 18369  2784 15516    50  0.180 0.600 0.220 0.178 0.597 0.225
   570 69466 18343  2748 15464    50  0.179 0.600 0.220 0.178 0.597 0.225
   575 69556 18446  2866 15498    50  0.179 0.600 0.220 0.177 0.597 0.225
   580 69590 18328  2879 15342    50  0.179 0.600 0.221 0.177 0.598 0.225
   585 69314 18529  2828 15546    50  0.178 0.601 0.221 0.176 0.598 0.226
   590 69956 18312  2907 15729    50  0.178 0.600 0.221 0.176 0.598 0.226
   595 69627 18267  2777 15534    50  0.177 0.601 0.222 0.175 0.598 0.226
   600 69500 18247  2794 15385    50  0.177 0.601 0.222 0.175 0.598 0.227
   605 69491 18418  2875 15290    50  0.177 0.601 0.222 0.175 0.598 0.227
   610 69656 18348  2774 15555    50  0.176 0.602 0.222 0.174 0.598 0.227
   615 69588 18641  2693 15621    50  0.176 0.602 0.223 0.174 0.599 0.227
   620 69521 18222  2885 15512    50  0.175 0.602 0.223 0.174 0.599 0.228
   625 69482 18348  2860 15550    50  0.175 0.602 0.223 0.173 0.598 0.228
   630 69548 18132  2796 15425    50  0.175 0.602 0.224 0.173 0.599 0.228
   635 69669 18279  2752 15537    50  0.174 0.602 0.224 0.172 0.599 0.229
   640 69435 18312  2875 15365    50  0.174 0.602 0.224 0.172 0.599 0.229
   645 69591 18279  2852 15493    50  0.173 0.602 0.224 0.172 0.599 0.229
   650 69647 18118  2812 15514    50  0.173 0.602 0.224 0.172 0.599 0.229
   655 69348 18412  2913 15424    50  0.173 0.602 0.225 0.171 0.600 0.229
   660 69436 18458  2814 15630    50  0.172 0.603 0.225 0.171 0.600 0.230
   665 69924 18397  2793 15784    50  0.172 0.603 0.225 0.170 0.600 0.230
   670 69700 18376  2813 15723    50  0.172 0.603 0.225 0.170 0.600 0.230
   675 69578 18334  2855 15597    50  0.171 0.603 0.225 0.169 0.601 0.230
   680 69427 18105  2868 15452    50  0.171 0.603 0.226 0.169 0.601 0.231
   685 69480 18133  2827 15509    50  0.170 0.604 0.226 0.168 0.601 0.231
   690 69553 18537  2851 15656    50  0.170 0.604 0.226 0.167 0.601 0.232
   695 69731 18358  2754 15699    50  0.169 0.604 0.227 0.167 0.601 0.232
   700 69434 18377  2906 15674    50  0.169 0.604 0.227 0.167 0.601 0.232
   705 69792 18431  2864 15657    50  0.169 0.605 0.227 0.167 0.602 0.232
   710 69704 18265  2904 15487    50  0.168 0.604 0.227 0.166 0.602 0.232
   715 69713 18465  2784 15565    50  0.168 0.604 0.227 0.167 0.601 0.232
   720 69747 18676  2760 15693    50  0.168 0.604 0.228 0.166 0.601 0.233
   725 69487 18429  2792 15550    50  0.167 0.604 0.228 0.166 0.601 0.233
   730 69676 18503  2822 15613    50  0.167 0.605 0.228 0.165 0.602 0.233
   735 69386 18377  2775 15551    50  0.167 0.605 0.228 0.165 0.602 0.233
   740 69494 18406  2789 15631    50  0.166 0.605 0.228 0.165 0.602 0.233
   745 69820 18286  2893 15451    50  0.166 0.605 0.229 0.165 0.602 0.233
   750 69594 18291  2842 15517    50  0.166 0.605 0.229 0.164 0.602 0.234
   755 69746 18418  2857 15671    50  0.166 0.605 0.229 0.164 0.602 0.234
   760 69639 18486  2761 15681    50  0.165 0.605 0.229 0.164 0.602 0.234
   765 69943 18180  2881 15532    50  0.165 0.606 0.229 0.163 0.603 0.234
   770 69684 18368  2715 15631    50  0.165 0.606 0.230 0.163 0.603 0.235
   775 69461 18607  2827 15543    50  0.164 0.606 0.230 0.163 0.603 0.235
   780 69708 18584  2858 15811    50  0.164 0.606 0.230 0.162 0.603 0.235
   785 69770 18573  2869 15578    50  0.164 0.606 0.230 0.162 0.603 0.235
   790 69549 18398  2908 15404    50  0.163 0.606 0.231 0.162 0.603 0.235
   795 69447 18390  2842 15666    50  0.163 0.606 0.231 0.161 0.603 0.235
   800 69669 18465  2779 15699    50  0.162 0.606 0.231 0.161 0.603 0.236
   805 69626 18594  2902 15726    50  0.162 0.606 0.232 0.161 0.603 0.236
   810 69555 18430  2797 15502    50  0.162 0.606 0.232 0.160 0.603 0.237
   815 69816 18423  2763 15615    50  0.161 0.606 0.232 0.160 0.604 0.237
   820 70118 18217  2766 15610    50  0.161 0.606 0.233 0.159 0.604 0.237
   825 69731 18373  2786 15663    50  0.161 0.606 0.233 0.159 0.603 0.238
   830 69813 18579  2778 15533    50  0.160 0.607 0.233 0.158 0.604 0.238
   835 69864 18203  2834 15687    50  0.160 0.607 0.233 0.158 0.604 0.238
   840 69351 18601  2828 15744    50  0.159 0.607 0.234 0.157 0.605 0.238
   845 69732 18316  2930 15776    50  0.159 0.608 0.234 0.157 0.605 0.239
   850 70235 18309  2746 15673    50  0.158 0.608 0.234 0.156 0.605 0.239
   855 69643 18536  2819 15668    50  0.158 0.608 0.234 0.156 0.605 0.239
   860 69915 18359  2916 15651    50  0.157 0.608 0.234 0.156 0.605 0.239
   865 69932 18360  2789 15682    50  0.157 0.608 0.235 0.156 0.605 0.239
   870 69798 18587  2829 15622    50  0.157 0.608 0.235 0.155 0.605 0.240
   875 69950 18345  2865 15547    50  0.157 0.608 0.235 0.155 0.605 0.240
   880 69653 18563  2764 15550    50  0.157 0.608 0.235 0.155 0.605 0.240
   885 69551 18526  2741 15518    50  0.156 0.608 0.235 0.154 0.605 0.240
   890 69820 18455  2858 15628    50  0.156 0.608 0.235 0.154 0.606 0.241
   895 69960 18343  2856 15769    50  0.156 0.609 0.236 0.154 0.606 0.241
   900 69922 18347  2866 15692    50  0.155 0.609 0.236 0.153 0.606 0.241
   905 69974 18568  2872 15669    50  0.155 0.609 0.236 0.153 0.606 0.241
   910 69821 18551  2890 15534    50  0.154 0.609 0.237 0.153 0.606 0.241
   915 69728 18492  2782 15476    50  0.154 0.609 0.237 0.152 0.606 0.242
   920 69799 18537  2810 15675    50  0.154 0.609 0.237 0.152 0.606 0.242
   925 69911 18201  2797 15479    50  0.153 0.609 0.237 0.151 0.606 0.242
   930 70110 18159  2804 15629    50  0.153 0.610 0.238 0.151 0.607 0.242
   935 69667 18599  2693 15516    50  0.152 0.610 0.238 0.150 0.607 0.242
   940 69862 18471  2814 15667    50  0.152 0.610 0.238 0.150 0.607 0.242
   945 69862 18576  2802 15654    50  0.152 0.610 0.238 0.150 0.607 0.243
   950 70021 18517  2808 15567    50  0.151 0.610 0.239 0.150 0.607 0.243
   955 69690 18575  2778 15674    50  0.151 0.610 0.238 0.149 0.607 0.244
   960 70093 18482  2779 15658    50  0.151 0.611 0.239 0.149 0.607 0.244
   965 69957 18411  2789 15566    50  0.150 0.610 0.239 0.148 0.608 0.244
   970 69766 18636  2767 15668    50  0.150 0.611 0.239 0.148 0.608 0.244
   975 70167 18259  2821 15533    50  0.150 0.611 0.239 0.148 0.608 0.244
   980 69877 18422  2705 15514    50  0.149 0.611 0.240 0.148 0.608 0.245
   985 69770 18472  2822 15575    50  0.149 0.611 0.240 0.148 0.608 0.245
   990 69836 18457  2878 15724    50  0.149 0.611 0.240 0.148 0.608 0.245
   995 70239 18512  2851 15659    50  0.148 0.611 0.240 0.147 0.608 0.245
  1000 69853 18490  2771 15682    50  0.148 0.611 0.241 0.146 0.608 0.246
  1005 69869 18535  2820 15661    50  0.148 0.611 0.241 0.146 0.608 0.246
  1010 69747 18532  2858 15485    50  0.147 0.611 0.241 0.145 0.609 0.246
  1015 69367 18441  2802 15522    50  0.147 0.612 0.242 0.145 0.608 0.247
  1020 69691 18490  2853 15814    50  0.147 0.612 0.241 0.145 0.609 0.247
  1025 69935 18167  2899 15566    50  0.146 0.612 0.242 0.145 0.609 0.246
  1030 70104 18484  2841 15669    50  0.146 0.612 0.242 0.144 0.609 0.247
  1035 69865 18268  2724 15673    50  0.145 0.612 0.242 0.144 0.609 0.247
  1040 69984 18435  2822 15723    50  0.145 0.612 0.243 0.143 0.609 0.247
  1045 70205 18531  2793 15572    50  0.145 0.612 0.243 0.143 0.609 0.248
  1050 69973 18372  2859 15530    50  0.144 0.612 0.243 0.143 0.609 0.248
  1055 70010 18469  2906 15871    50  0.144 0.612 0.244 0.142 0.609 0.248
  1060 70046 18432  2825 15699    50  0.144 0.613 0.244 0.142 0.609 0.249
  1065 70217 18438  2797 15685    50  0.143 0.613 0.244 0.142 0.609 0.249
  1070 69815 18496  2778 15648    50  0.143 0.613 0.244 0.141 0.610 0.249
  1075 69665 18594  2799 15616    50  0.143 0.613 0.244 0.141 0.610 0.249
  1080 69687 18577  2724 15807    50  0.142 0.613 0.244 0.141 0.610 0.249
  1085 69954 18694  2807 15793    50  0.142 0.613 0.245 0.140 0.611 0.249
  1090 69940 18597  2919 15714    50  0.141 0.614 0.245 0.140 0.610 0.250
  1095 69922 18587  2743 15743    50  0.141 0.614 0.245 0.139 0.611 0.250
  1100 70178 18329  2854 15688    50  0.141 0.614 0.245 0.139 0.611 0.250
  1105 69939 18371  2795 15675    50  0.140 0.614 0.246 0.139 0.611 0.251
  1110 69782 18673  2756 15718    50  0.140 0.614 0.246 0.138 0.611 0.251
  1115 69866 18596  2725 15760    50  0.140 0.614 0.246 0.138 0.611 0.251
  1120 69911 18547  2792 15786    50  0.139 0.614 0.247 0.137 0.611 0.252
  1125 70091 18515  2752 15640    50  0.139 0.614 0.247 0.137 0.611 0.252
  1130 69860 18618  2823 15662    50  0.138 0.615 0.247 0.136 0.612 0.252
  1135 70140 18344  2691 15836    50  0.138 0.615 0.247 0.136 0.611 0.252
  1140 70343 18411  2828 15640    50  0.138 0.615 0.248 0.136 0.611 0.253
  1145 69662 18558  2809 15545    50  0.137 0.614 0.248 0.135 0.611 0.253
  1150 70110 18537  2803 15678    50  0.136 0.615 0.249 0.135 0.612 0.254
  1155 70063 18438  2822 15586    50  0.136 0.615 0.249 0.134 0.612 0.254
  1160 70068 18543  2691 15737    50  0.136 0.615 0.249 0.134 0.612 0.254
  1165 70019 18625  2780 15797    50  0.136 0.615 0.249 0.134 0.612 0.254
  1170 70104 18229  2800 15531    50  0.135 0.615 0.249 0.133 0.612 0.254
  1175 70069 18504  2790 15721    50  0.135 0.615 0.250 0.133 0.613 0.255
  1180 70074 18451  2736 15613    50  0.134 0.616 0.250 0.133 0.612 0.255
  1185 70331 18279  2742 15761    50  0.134 0.615 0.250 0.132 0.612 0.255
  1190 70081 18540  2821 15603    50  0.134 0.615 0.251 0.132 0.612 0.255
  1195 70127 18529  2764 15717    50  0.134 0.615 0.251 0.132 0.612 0.256
  1200 70047 18360  2887 15643    50  0.134 0.615 0.251 0.132 0.612 0.256
  1205 70068 18548  2633 15796    50  0.133 0.615 0.251 0.131 0.612 0.256
  1210 70191 18506  2761 15715    50  0.133 0.615 0.251 0.131 0.613 0.256
  1215 70044 18475  2711 15828    50  0.133 0.615 0.252 0.131 0.613 0.256
  1220 70349 18578  2738 16027    50  0.133 0.615 0.252 0.131 0.612 0.257
  1225 70118 18487  2839 15777    50  0.133 0.615 0.252 0.131 0.612 0.257
  1230 70290 18576  2896 15787    50  0.132 0.615 0.252 0.131 0.612 0.257
  1235 69876 18704  2779 15595    50  0.132 0.616 0.252 0.130 0.613 0.257
  1240 70091 18649  2837 15709    50  0.132 0.616 0.252 0.130 0.613 0.257
  1245 70240 18459  2776 15905    50  0.132 0.616 0.252 0.130 0.613 0.257
  1250 70140 18491  2776 15743    50  0.131 0.616 0.253 0.129 0.614 0.257
  1255 70397 18489  2804 15785    50  0.131 0.616 0.253 0.129 0.613 0.258
  1260 70159 18507  2703 15499    50  0.131 0.616 0.253 0.129 0.613 0.258
  1265 70314 18325  2749 15583    50  0.131 0.616 0.253 0.129 0.613 0.258
  1270 70157 18600  2816 15770    50  0.130 0.616 0.254 0.129 0.613 0.258
  1275 70201 18709  2842 15564    50  0.130 0.616 0.254 0.128 0.613 0.259
  1280 70163 18370  2875 15785    50  0.130 0.616 0.254 0.128 0.613 0.259
  1285 70062 18606  2799 15564    50  0.129 0.616 0.255 0.127 0.613 0.260
  1290 70169 18504  2758 15692    50  0.129 0.616 0.255 0.127 0.613 0.259
  1295 70160 18559  2787 15871    50  0.129 0.616 0.255 0.127 0.613 0.260
  1300 70066 18489  2755 15592    50  0.128 0.616 0.256 0.127 0.613 0.261
  1305 70224 18419  2832 15720    50  0.128 0.616 0.256 0.126 0.613 0.261
  1310 70063 18543  2787 15609    50  0.128 0.616 0.256 0.126 0.613 0.261
  1315 70373 18560  2762 15896    50  0.127 0.617 0.256 0.125 0.614 0.261
  1320 69935 18528  2790 15606    50  0.127 0.617 0.257 0.125 0.614 0.261
  1325 70017 18699  2724 15773    50  0.127 0.617 0.257 0.125 0.613 0.262
  1330 69899 18500  2739 15763    50  0.126 0.616 0.258 0.125 0.613 0.262
  1335 69792 18539  2843 15665    50  0.126 0.616 0.258 0.124 0.613 0.262
  1340 70102 18528  2790 15718    50  0.126 0.616 0.258 0.124 0.613 0.262
  1345 70135 18571  2754 15808    50  0.126 0.616 0.258 0.124 0.614 0.262
  1350 70088 18512  2845 15572    50  0.126 0.616 0.258 0.124 0.614 0.263
  1355 70166 18616  2717 15776    50  0.125 0.616 0.258 0.124 0.614 0.263
  1360 70263 18542  2865 15738    50  0.125 0.617 0.259 0.123 0.614 0.263
  1365 69960 18496  2745 15560    50  0.124 0.617 0.259 0.123 0.614 0.263
  1370 70089 18353  2715 15724    50  0.124 0.617 0.259 0.123 0.614 0.264
  1375 70018 18446  2683 15660    50  0.124 0.617 0.259 0.122 0.614 0.264
  1380 70201 18458  2802 15821    50  0.124 0.617 0.259 0.122 0.614 0.264
  1385 69888 18727  2755 15695    50  0.124 0.617 0.260 0.122 0.614 0.264
  1390 70129 18752  2798 15834    50  0.123 0.617 0.260 0.121 0.614 0.265
  1395 70135 18453  2771 15642    50  0.123 0.617 0.260 0.121 0.614 0.265
  1400 70119 18596  2806 15919    50  0.123 0.617 0.260 0.121 0.614 0.265
  1405 70081 18453  2772 15732    50  0.122 0.617 0.261 0.120 0.614 0.266
  1410 70075 18422  2719 15722    50  0.122 0.617 0.261 0.120 0.614 0.266
  1415 70491 18304  2744 15768    50  0.121 0.617 0.261 0.120 0.615 0.266
  1420 70298 18374  2827 15681    50  0.121 0.617 0.262 0.120 0.614 0.266
  1425 70331 18439  2735 15816    50  0.121 0.618 0.262 0.119 0.615 0.266
  1430 70220 18612  2782 15671    50  0.121 0.618 0.262 0.119 0.615 0.267
  1435 70452 18583  2754 15829    50  0.120 0.617 0.262 0.118 0.615 0.267
  1440 70116 18559  2750 15641    50  0.120 0.618 0.262 0.118 0.615 0.267
  1445 69950 18481  2777 15759    50  0.120 0.618 0.263 0.118 0.615 0.267
  1450 70394 18561  2815 15717    50  0.120 0.618 0.263 0.117 0.615 0.268
  1455 70432 18484  2725 15813    50  0.119 0.618 0.263 0.117 0.615 0.268
  1460 70405 18578  2871 15742    50  0.119 0.618 0.263 0.117 0.615 0.268
  1465 70447 18428  2797 15826    50  0.118 0.618 0.263 0.117 0.615 0.268
  1470 70226 18583  2741 15802    50  0.118 0.619 0.263 0.116 0.616 0.268
  1475 70369 18444  2742 15728    50  0.118 0.619 0.264 0.116 0.616 0.269
  1480 70550 18479  2791 15841    50  0.117 0.619 0.264 0.115 0.616 0.269
  1485 70273 18625  2742 15796    50  0.117 0.619 0.264 0.115 0.616 0.269
  1490 70348 18502  2859 15658    50  0.117 0.619 0.264 0.115 0.616 0.269
  1495 70285 18716  2702 15932    50  0.116 0.619 0.265 0.115 0.616 0.269
  1500 70189 18705  2719 15643    50  0.116 0.619 0.265 0.114 0.616 0.270
  1505 70225 18735  2743 15813    50  0.116 0.619 0.265 0.114 0.617 0.270
  1510 70348 18473  2850 15765    50  0.116 0.620 0.265 0.114 0.617 0.270
  1515 70404 18593  2873 15823    50  0.115 0.620 0.265 0.113 0.617 0.270
  1520 70014 18692  2795 15794    50  0.115 0.620 0.265 0.113 0.617 0.270
  1525 70407 18606  2786 15745    50  0.114 0.620 0.266 0.113 0.617 0.270
  1530 70108 18642  2769 15781    50  0.114 0.620 0.266 0.113 0.617 0.270
  1535 70088 18488  2759 15701    50  0.114 0.620 0.266 0.112 0.617 0.271
  1540 70490 18482  2734 15931    50  0.114 0.620 0.266 0.112 0.617 0.271
  1545 70091 18582  2836 15802    50  0.113 0.620 0.266 0.112 0.617 0.271
  1550 70232 18515  2751 15633    50  0.113 0.620 0.267 0.111 0.617 0.272
  1555 70235 18471  2825 15792    50  0.113 0.620 0.267 0.111 0.617 0.271
  1560 70388 18311  2779 15697    50  0.113 0.620 0.267 0.111 0.617 0.272
  1565 70003 18492  2822 15808    50  0.113 0.620 0.267 0.111 0.617 0.272
  1570 70276 18690  2786 15980    50  0.113 0.620 0.268 0.111 0.617 0.272
  1575 70098 18739  2737 15669    50  0.113 0.620 0.268 0.110 0.617 0.272
  1580 70207 18574  2728 15799    50  0.112 0.620 0.268 0.111 0.617 0.272
  1585 70288 18535  2775 15849    50  0.112 0.620 0.268 0.110 0.617 0.273
  1590 70329 18633  2692 15817    50  0.112 0.620 0.268 0.110 0.617 0.273
  1595 70303 18620  2731 15789    50  0.111 0.620 0.268 0.109 0.618 0.273
  1600 70291 18692  2720 15731    50  0.111 0.620 0.269 0.109 0.617 0.273
  1605 70205 18570  2793 15836    50  0.111 0.620 0.269 0.109 0.617 0.273
  1610 70144 18760  2758 15733    50  0.111 0.620 0.269 0.109 0.618 0.274
  1615 70113 18628  2721 15846    50  0.110 0.620 0.269 0.108 0.618 0.274
  1620 70335 18602  2801 15777    50  0.110 0.621 0.269 0.108 0.617 0.274
  1625 70353 18416  2831 15668    50  0.110 0.621 0.270 0.108 0.618 0.275
  1630 70360 18559  2706 15736    50  0.109 0.621 0.270 0.108 0.618 0.275
  1635 70184 18708  2781 15656    50  0.109 0.621 0.270 0.107 0.618 0.275
  1640 70400 18515  2737 15890    50  0.109 0.621 0.270 0.107 0.618 0.275
  1645 70394 18602  2724 15886    50  0.109 0.621 0.271 0.107 0.618 0.275
  1650 70372 18426  2851 15614    50  0.109 0.621 0.271 0.106 0.618 0.275
  1655 70035 18475  2834 15664    50  0.108 0.621 0.271 0.106 0.618 0.276
  1660 70348 18329  2859 15831    50  0.108 0.621 0.271 0.106 0.618 0.276
  1665 70399 18451  2729 15839    50  0.108 0.621 0.272 0.106 0.618 0.276
  1670 70361 18713  2758 15853    50  0.108 0.621 0.272 0.105 0.618 0.276
  1675 70308 18398  2739 15696    50  0.107 0.621 0.272 0.105 0.618 0.277
  1680 70408 18567  2798 15783    50  0.107 0.621 0.272 0.105 0.618 0.277
  1685 70531 18384  2833 15774    50  0.107 0.621 0.273 0.105 0.618 0.277
  1690 70593 18755  2748 15722    50  0.106 0.621 0.273 0.104 0.618 0.278
  1695 70325 18603  2802 15712    50  0.106 0.621 0.273 0.104 0.618 0.278
  1700 70390 18736  2792 15796    50  0.105 0.621 0.273 0.104 0.619 0.278
  1705 70170 18712  2728 15628    50  0.105 0.621 0.273 0.104 0.618 0.278
  1710 70369 18700  2798 15870    50  0.106 0.621 0.274 0.103 0.618 0.278
  1715 70258 18491  2727 15721    50  0.105 0.621 0.274 0.103 0.618 0.278
  1720 70128 18785  2761 15736    50  0.105 0.621 0.274 0.103 0.618 0.279
  1725 70498 18389  2794 15662    50  0.105 0.621 0.274 0.103 0.618 0.279
  1730 70272 18499  2780 15679    50  0.105 0.621 0.274 0.103 0.618 0.279
  1735 70317 18543  2772 15587    50  0.105 0.621 0.274 0.103 0.618 0.279
  1740 70132 18767  2802 15692    50  0.104 0.621 0.274 0.103 0.618 0.279
  1745 70128 18716  2687 15940    50  0.104 0.621 0.274 0.102 0.618 0.279
  1750 70337 18541  2841 15800    50  0.104 0.621 0.275 0.102 0.618 0.279
  1755 70678 18498  2843 15888    50  0.104 0.621 0.275 0.102 0.618 0.280
  1760 70313 18818  2800 15909    50  0.104 0.621 0.275 0.102 0.618 0.280
  1765 70272 18714  2773 15865    50  0.104 0.621 0.275 0.102 0.618 0.280
  1770 70419 18892  2841 15864    50  0.104 0.621 0.275 0.102 0.618 0.280
  1775 70448 18815  2703 15860    50  0.103 0.621 0.276 0.101 0.618 0.281
  1780 70301 18519  2820 15867    50  0.103 0.621 0.276 0.101 0.618 0.281
  1785 70349 18545  2813 15765    50  0.103 0.621 0.276 0.101 0.618 0.281
  1790 70250 18585  2788 15759    50  0.103 0.621 0.277 0.101 0.618 0.282
  1795 70440 18442  2736 15796    50  0.103 0.620 0.277 0.101 0.618 0.282
  1800 70404 18689  2683 15975    50  0.103 0.620 0.277 0.100 0.618 0.282
  1805 70203 18641  2819 15777    50  0.102 0.620 0.277 0.100 0.618 0.282
  1810 70412 18416  2800 15689    50  0.102 0.620 0.277 0.100 0.617 0.283
  1815 70081 18632  2713 15743    50  0.102 0.620 0.278 0.100 0.617 0.283
  1820 70160 18561  2834 15649    50  0.102 0.620 0.278 0.100 0.617 0.283
  1825 70398 18409  2814 15680    50  0.102 0.619 0.278 0.100 0.617 0.283
  1830 70247 18492  2778 15880    50  0.102 0.619 0.279 0.100 0.616 0.284
  1835 70540 18539  2816 15814    50  0.102 0.619 0.279 0.100 0.616 0.284
  1840 70689 18492  2779 15985    50  0.102 0.619 0.279 0.100 0.616 0.284
  1845 70368 18420  2754 15788    50  0.102 0.619 0.280 0.100 0.616 0.284
  1850 70557 18520  2829 15759    50  0.101 0.619 0.280 0.100 0.616 0.284
  1855 70340 18567  2807 15847    50  0.101 0.619 0.280 0.100 0.616 0.285
  1860 70425 18522  2895 15785    50  0.101 0.619 0.280 0.099 0.616 0.285
  1865 70108 18764  2726 15908    50  0.101 0.619 0.281 0.099 0.616 0.285
  1870 70355 18449  2838 15856    50  0.101 0.619 0.281 0.099 0.616 0.286
  1875 70095 18644  2827 15889    50  0.101 0.618 0.281 0.099 0.616 0.286
  1880 70242 18541  2732 15703    50  0.100 0.618 0.281 0.099 0.615 0.286
  1885 70382 18352  2752 15695    50  0.100 0.618 0.282 0.098 0.616 0.286
  1890 69892 18406  2702 15502    50  0.100 0.618 0.282 0.098 0.616 0.287
  1895 70092 18490  2848 15742    50  0.100 0.618 0.282 0.098 0.615 0.287
  1900 69913 18613  2789 15767    50  0.099 0.618 0.283 0.097 0.615 0.287
  1905 70235 18513  2768 15693    50  0.099 0.618 0.283 0.097 0.616 0.287
  1910 70487 18714  2850 16018    50  0.099 0.618 0.283 0.097 0.616 0.287
  1915 70314 18604  2791 15761    50  0.099 0.618 0.283 0.097 0.616 0.287
  1920 70306 18629  2834 15750    50  0.099 0.618 0.283 0.097 0.615 0.288
  1925 70151 18715  2807 15872    50  0.099 0.618 0.283 0.097 0.615 0.288
  1930 70248 18319  2785 15818    50  0.098 0.618 0.283 0.097 0.615 0.288
  1935 70460 18277  2775 15839    50  0.098 0.618 0.284 0.096 0.615 0.289
  1940 70367 18558  2786 15764    50  0.098 0.618 0.284 0.096 0.615 0.289
  1945 70248 18466  2807 15853    50  0.098 0.618 0.284 0.096 0.615 0.289
  1950 70230 18463  2814 15833    50  0.098 0.618 0.284 0.096 0.615 0.289
  1955 70065 18404  2796 15558    50  0.098 0.618 0.284 0.096 0.615 0.289
  1960 70197 18513  2665 15760    50  0.098 0.618 0.284 0.096 0.615 0.289
  1965 70186 18442  2842 15657    50  0.097 0.618 0.285 0.096 0.615 0.289
  1970 70191 18603  2782 15712    50  0.097 0.618 0.285 0.095 0.616 0.289
  1975 70321 18535  2812 15750    50  0.097 0.618 0.285 0.095 0.615 0.290
  1980 70267 18597  2720 15856    50  0.097 0.618 0.285 0.095 0.615 0.290
  1985 70075 18651  2807 15841    50  0.097 0.618 0.285 0.095 0.615 0.290
  1990 70081 18524  2843 15682    50  0.096 0.618 0.286 0.095 0.615 0.290
  1995 70167 18404  2743 15678    50  0.096 0.618 0.286 0.094 0.615 0.291
  2000 70148 18562  2756 15741    50  0.096 0.618 0.286 0.094 0.615 0.291
