 nmt =               50
 dmf =      T
 dff =      F
 vgr =       0.500000000    
 lde =       0.949999988    
 theta =     0.500000000    
 sigma =     0.500000000    
 ssr =                1
 dr =        0.300000012    
 mr =         9.99999978E-03
 spdispr =           30
 gs =               300
 ini =            60000
 ngen =            1000
 Myseed =         84563
 nmap =            1000
 Gen nind ndea nveg nspo num_mat veg_1 spo_1 mat_1 veg_2 spo_2 mat_2
     0 60000     0     0     0    50  0.334 0.333 0.334   NaN   NaN   NaN
     5 70598 19791 12046  8107    50  0.352 0.331 0.317 0.245 0.229 0.526
    10 70178 19897 11666  7776    50  0.346 0.315 0.340 0.226 0.203 0.570
    15 69291 19660 12100  7174    50  0.342 0.300 0.358 0.211 0.181 0.608
    20 68874 19686 12608  6941    50  0.341 0.288 0.372 0.198 0.163 0.639
    25 68130 19479 12591  6673    50  0.340 0.278 0.382 0.184 0.147 0.669
    30 68018 19189 12780  6402    50  0.342 0.270 0.387 0.172 0.134 0.694
    35 67393 19313 12983  6252    50  0.347 0.264 0.389 0.163 0.124 0.713
    40 67148 19102 12949  6162    50  0.352 0.258 0.391 0.155 0.115 0.730
    45 66877 19091 13025  5932    50  0.358 0.254 0.388 0.147 0.107 0.746
    50 66626 19143 13394  5837    50  0.362 0.250 0.388 0.140 0.100 0.759
    55 66309 18918 13296  5663    50  0.367 0.249 0.385 0.134 0.094 0.772
    60 66323 18943 13213  5578    50  0.373 0.248 0.378 0.128 0.088 0.784
    65 65930 18778 13304  5457    50  0.381 0.248 0.370 0.123 0.083 0.795
    70 66087 18825 13279  5558    50  0.388 0.248 0.364 0.119 0.080 0.801
    75 65868 18882 13431  5351    50  0.395 0.246 0.358 0.115 0.077 0.808
    80 66127 18820 13434  5461    50  0.400 0.248 0.352 0.113 0.075 0.812
    85 65927 18796 13537  5347    50  0.404 0.247 0.349 0.112 0.072 0.817
    90 65691 18904 13435  5451    50  0.409 0.248 0.342 0.108 0.069 0.823
    95 65674 18878 13408  5404    50  0.415 0.249 0.336 0.106 0.067 0.827
   100 65842 18817 13533  5491    50  0.420 0.250 0.330 0.106 0.066 0.829
   105 65837 18859 13443  5400    50  0.424 0.249 0.326 0.104 0.064 0.832
   110 65589 18879 13513  5368    50  0.428 0.249 0.324 0.103 0.063 0.834
   115 65392 18894 13556  5235    50  0.432 0.247 0.322 0.103 0.061 0.836
   120 65519 18769 13552  5240    50  0.435 0.246 0.319 0.103 0.061 0.836
   125 65697 18498 13604  5198    50  0.439 0.245 0.316 0.101 0.059 0.840
   130 65352 18776 13571  5178    50  0.441 0.245 0.314 0.101 0.059 0.840
   135 65662 18776 13657  5275    50  0.443 0.244 0.313 0.101 0.058 0.840
   140 65417 18942 13629  5204    50  0.446 0.244 0.310 0.102 0.058 0.840
   145 65584 18668 13693  5198    50  0.448 0.243 0.309 0.101 0.057 0.842
   150 65542 18572 13592  5177    50  0.452 0.244 0.305 0.101 0.056 0.843
   155 65441 18769 13756  5144    50  0.453 0.243 0.303 0.102 0.056 0.842
   160 65402 18762 13507  5135    50  0.456 0.242 0.301 0.102 0.055 0.843
   165 65466 18703 13697  5199    50  0.461 0.241 0.298 0.103 0.055 0.841
   170 65452 18879 13489  5188    50  0.461 0.240 0.299 0.104 0.056 0.841
   175 65340 18580 13553  5103    50  0.463 0.240 0.297 0.105 0.056 0.839
   180 65340 18807 13539  5107    50  0.463 0.240 0.297 0.105 0.056 0.839
   185 65157 18665 13615  4936    50  0.465 0.237 0.297 0.107 0.056 0.838
   190 64995 18759 13608  5090    50  0.467 0.236 0.297 0.108 0.056 0.836
   195 65083 18614 13639  5115    50  0.470 0.235 0.295 0.112 0.057 0.831
   200 65018 18666 13647  4977    50  0.472 0.233 0.296 0.111 0.057 0.832
   205 64892 18820 13551  4965    50  0.476 0.231 0.293 0.113 0.056 0.831
   210 64987 18577 13736  4871    50  0.478 0.231 0.290 0.115 0.057 0.828
   215 65113 18678 13566  5015    50  0.479 0.231 0.290 0.115 0.057 0.828
   220 65194 18446 13650  4886    50  0.481 0.230 0.289 0.117 0.057 0.826
   225 65281 18580 13659  5001    50  0.481 0.229 0.290 0.119 0.058 0.824
   230 65086 18744 13831  5036    50  0.483 0.229 0.288 0.121 0.058 0.822
   235 65101 18537 13604  4898    50  0.482 0.228 0.290 0.122 0.058 0.820
   240 64845 18597 13653  4910    50  0.482 0.227 0.291 0.122 0.058 0.820
   245 65068 18615 13757  4908    50  0.485 0.226 0.289 0.122 0.057 0.821
   250 64610 18788 13611  4923    50  0.485 0.224 0.291 0.124 0.058 0.818
   255 64906 18674 13634  4977    50  0.486 0.225 0.289 0.125 0.058 0.816
   260 64835 18519 13652  4854    50  0.487 0.224 0.288 0.127 0.058 0.815
   265 64859 18591 13879  4903    50  0.490 0.224 0.286 0.130 0.058 0.812
   270 64750 18577 13846  4852    50  0.490 0.222 0.288 0.133 0.059 0.808
   275 64760 18726 13835  4955    50  0.491 0.222 0.287 0.135 0.060 0.805
   280 64830 18636 13750  4923    50  0.491 0.221 0.288 0.136 0.060 0.804
   285 64781 18661 13939  4897    50  0.493 0.221 0.287 0.136 0.060 0.803
   290 64939 18638 13927  4869    50  0.492 0.220 0.287 0.139 0.061 0.800
   295 64938 18713 13670  4883    50  0.491 0.219 0.290 0.141 0.062 0.797
   300 64599 18833 13742  4861    50  0.491 0.219 0.290 0.144 0.062 0.794
   305 64812 18603 13834  5034    50  0.490 0.219 0.291 0.145 0.062 0.792
   310 64744 18683 13604  4874    50  0.491 0.218 0.291 0.146 0.063 0.791
   315 64929 18327 13813  4617    50  0.492 0.217 0.291 0.146 0.062 0.791
   320 64677 18774 13860  4839    50  0.492 0.217 0.291 0.150 0.064 0.786
   325 64645 18679 13847  4858    50  0.491 0.215 0.293 0.151 0.064 0.785
   330 64966 18474 13876  4799    50  0.491 0.215 0.294 0.152 0.064 0.785
   335 64896 18687 13838  4937    50  0.490 0.215 0.295 0.152 0.064 0.784
   340 65123 18438 14007  4775    50  0.493 0.214 0.293 0.153 0.063 0.784
   345 64896 18723 13803  4811    50  0.494 0.213 0.293 0.157 0.064 0.779
   350 64575 18434 13888  4739    50  0.492 0.212 0.296 0.157 0.064 0.779
   355 64460 18839 13836  4719    50  0.494 0.211 0.295 0.158 0.064 0.778
   360 64758 18510 13790  4753    50  0.493 0.211 0.296 0.158 0.064 0.777
   365 64763 18463 13952  4632    50  0.493 0.210 0.297 0.159 0.064 0.777
   370 64709 18603 13969  4720    50  0.493 0.209 0.298 0.162 0.065 0.773
   375 64577 18721 13883  4865    50  0.492 0.209 0.299 0.163 0.064 0.772
   380 64388 18691 13753  4728    50  0.493 0.207 0.300 0.165 0.065 0.770
   385 64588 18593 13793  4664    50  0.492 0.206 0.302 0.165 0.065 0.771
   390 64503 18514 13821  4705    50  0.493 0.205 0.302 0.164 0.064 0.772
   395 64714 18566 13985  4682    50  0.494 0.204 0.301 0.165 0.065 0.770
   400 64534 18645 13883  4836    50  0.494 0.204 0.302 0.166 0.064 0.771
   405 64215 18803 13675  4594    50  0.495 0.203 0.302 0.167 0.064 0.769
   410 64476 18565 13660  4739    50  0.496 0.202 0.301 0.169 0.065 0.765
   415 64644 18441 13829  4670    50  0.497 0.201 0.302 0.173 0.066 0.761
   420 64696 18391 13799  4705    50  0.498 0.200 0.302 0.174 0.066 0.760
   425 64336 18637 13985  4554    50  0.497 0.199 0.304 0.175 0.067 0.758
   430 64614 18606 13881  4676    50  0.496 0.199 0.305 0.176 0.067 0.757
   435 64478 18559 14135  4581    50  0.496 0.200 0.304 0.176 0.067 0.757
   440 64510 18570 13854  4669    50  0.496 0.199 0.305 0.179 0.068 0.753
   445 64594 18560 13947  4584    50  0.496 0.198 0.306 0.181 0.068 0.751
   450 64213 18313 13793  4514    50  0.496 0.197 0.306 0.180 0.068 0.752
   455 64308 18458 14089  4598    50  0.496 0.196 0.308 0.182 0.068 0.750
   460 64241 18566 13958  4630    50  0.497 0.195 0.308 0.184 0.068 0.748
   465 64094 18527 13945  4540    50  0.496 0.195 0.308 0.183 0.067 0.750
   470 64009 18491 13992  4536    50  0.495 0.195 0.310 0.182 0.066 0.752
   475 64174 18604 13942  4635    50  0.496 0.194 0.310 0.185 0.067 0.748
   480 64372 18579 13919  4591    50  0.496 0.194 0.310 0.184 0.067 0.749
   485 64681 18410 13993  4566    50  0.497 0.193 0.310 0.185 0.067 0.749
   490 64300 18470 13815  4491    50  0.497 0.193 0.310 0.185 0.067 0.749
   495 64269 18589 13985  4459    50  0.498 0.192 0.310 0.185 0.066 0.749
   500 64058 18519 13972  4493    50  0.497 0.191 0.312 0.184 0.065 0.751
   505 64298 18383 14076  4578    50  0.499 0.192 0.310 0.187 0.065 0.748
   510 64394 18415 14139  4473    50  0.499 0.191 0.310 0.187 0.066 0.748
   515 64252 18544 13936  4481    50  0.501 0.191 0.308 0.188 0.066 0.747
   520 63989 18819 13999  4578    50  0.501 0.190 0.309 0.192 0.067 0.741
   525 64114 18654 14154  4604    50  0.501 0.189 0.310 0.194 0.067 0.739
   530 64201 18481 13937  4494    50  0.503 0.189 0.309 0.196 0.067 0.738
   535 64167 18457 14043  4434    50  0.504 0.188 0.308 0.199 0.068 0.733
   540 64124 18516 13793  4401    50  0.503 0.187 0.310 0.199 0.067 0.733
   545 63739 18671 13883  4382    50  0.505 0.185 0.310 0.199 0.067 0.734
   550 63940 18522 13983  4525    50  0.505 0.185 0.310 0.202 0.068 0.730
   555 64145 18365 14041  4545    50  0.505 0.185 0.310 0.203 0.067 0.730
   560 64009 18755 14124  4485    50  0.506 0.184 0.310 0.204 0.067 0.729
   565 63911 18367 14037  4361    50  0.505 0.183 0.312 0.203 0.066 0.731
   570 64233 18355 13989  4410    50  0.506 0.183 0.311 0.203 0.065 0.732
   575 64167 18353 14101  4265    50  0.505 0.183 0.312 0.204 0.065 0.731
   580 63708 18513 13985  4317    50  0.505 0.181 0.313 0.202 0.063 0.735
   585 63907 18246 14090  4445    50  0.504 0.181 0.314 0.205 0.064 0.732
   590 63748 18327 13941  4310    50  0.505 0.180 0.315 0.205 0.063 0.731
   595 63795 18243 14239  4256    50  0.506 0.179 0.315 0.207 0.063 0.730
   600 63906 18375 14149  4291    50  0.507 0.178 0.316 0.205 0.062 0.733
   605 63677 18465 14164  4190    50  0.508 0.178 0.315 0.206 0.062 0.732
   610 63544 18543 14214  4216    50  0.508 0.177 0.315 0.205 0.061 0.734
   615 63750 18472 14293  4250    50  0.508 0.176 0.316 0.208 0.063 0.730
   620 63799 18271 14147  4275    50  0.509 0.176 0.315 0.208 0.062 0.729
   625 63729 18612 14037  4216    50  0.510 0.175 0.314 0.208 0.061 0.731
   630 63469 18516 14236  4216    50  0.511 0.174 0.314 0.210 0.062 0.729
   635 63315 18690 14131  4172    50  0.510 0.173 0.316 0.211 0.061 0.728
   640 63741 18427 14157  4229    50  0.513 0.173 0.315 0.213 0.061 0.726
   645 63637 18424 14323  4210    50  0.513 0.172 0.314 0.216 0.062 0.722
   650 63701 18372 14203  4123    50  0.515 0.172 0.313 0.219 0.062 0.719
   655 63470 18385 14144  4146    50  0.514 0.171 0.315 0.220 0.062 0.718
   660 63421 18463 14131  4160    50  0.514 0.171 0.315 0.220 0.061 0.718
   665 63302 18382 14135  4038    50  0.515 0.171 0.314 0.221 0.061 0.718
   670 63613 18295 14258  4113    50  0.514 0.170 0.316 0.220 0.061 0.720
   675 63554 18197 14248  4094    50  0.515 0.169 0.316 0.219 0.060 0.721
   680 63281 18542 14392  4126    50  0.518 0.169 0.313 0.220 0.060 0.720
   685 63143 18555 14282  3967    50  0.516 0.168 0.316 0.219 0.060 0.721
   690 63261 18455 14373  4154    50  0.516 0.168 0.316 0.220 0.060 0.720
   695 63044 18322 14188  4042    49  0.517 0.167 0.316 0.219 0.059 0.722
   700 63432 18177 14216  3952    49  0.519 0.167 0.315 0.219 0.058 0.723
   705 63504 18248 14411  3958    49  0.520 0.166 0.314 0.218 0.058 0.724
   710 63637 18426 14325  4174    49  0.520 0.166 0.314 0.221 0.058 0.720
   715 63022 18676 14317  3943    49  0.521 0.165 0.314 0.223 0.058 0.719
   720 63351 18225 14301  4123    49  0.520 0.165 0.315 0.225 0.059 0.716
   725 63201 18325 14257  4020    49  0.521 0.165 0.314 0.223 0.059 0.718
   730 63341 18258 14435  3994    49  0.522 0.164 0.314 0.222 0.058 0.720
   735 63328 18525 14210  4002    49  0.522 0.164 0.314 0.226 0.059 0.716
   740 63191 18331 14496  3985    49  0.521 0.164 0.315 0.225 0.058 0.717
   745 63253 18311 14155  4024    49  0.523 0.165 0.313 0.227 0.058 0.715
   750 62999 18299 14344  3896    49  0.520 0.164 0.316 0.228 0.058 0.714
   755 63112 18167 14238  3930    49  0.522 0.163 0.315 0.227 0.057 0.716
   760 63029 18322 14264  3950    49  0.524 0.163 0.313 0.228 0.057 0.715
   765 63004 18337 14433  3876    49  0.524 0.162 0.313 0.228 0.056 0.716
   770 63068 18312 14220  3898    49  0.526 0.162 0.313 0.231 0.057 0.713
   775 63152 18191 14322  3855    49  0.525 0.163 0.312 0.232 0.056 0.712
   780 63316 18123 14380  3963    49  0.526 0.163 0.311 0.232 0.056 0.712
   785 63261 18226 14309  4085    49  0.525 0.162 0.313 0.230 0.055 0.715
   790 62873 18323 14446  3894    49  0.526 0.162 0.312 0.231 0.055 0.714
   795 62816 18479 14473  3883    49  0.526 0.162 0.311 0.233 0.055 0.712
   800 63256 18282 14224  3997    48  0.527 0.163 0.310 0.235 0.055 0.710
   805 62838 18327 14172  3965    48  0.527 0.163 0.310 0.232 0.055 0.713
   810 63043 18488 14293  3952    48  0.526 0.162 0.312 0.236 0.054 0.710
   815 62905 18271 14381  3975    48  0.527 0.161 0.312 0.235 0.054 0.711
   820 62977 18371 14184  3894    48  0.525 0.160 0.314 0.236 0.053 0.711
   825 62757 18279 14384  3864    48  0.527 0.160 0.313 0.237 0.053 0.710
   830 62872 18387 14123  3911    48  0.527 0.160 0.312 0.238 0.053 0.709
   835 62752 18416 14181  3847    48  0.528 0.160 0.312 0.238 0.053 0.709
   840 63058 18174 14367  3812    48  0.528 0.160 0.311 0.236 0.052 0.712
   845 63103 18291 14427  3823    48  0.529 0.160 0.311 0.236 0.051 0.713
   850 63070 18111 14318  3860    48  0.530 0.160 0.309 0.238 0.052 0.711
   855 62767 18355 14458  3772    48  0.531 0.160 0.310 0.238 0.051 0.711
   860 62808 18227 14443  3791    48  0.532 0.160 0.308 0.239 0.051 0.710
   865 62794 18353 14419  3786    48  0.530 0.160 0.310 0.243 0.052 0.705
   870 63217 18085 14410  3830    48  0.532 0.160 0.308 0.243 0.051 0.705
   875 63131 18219 14534  3887    48  0.533 0.160 0.307 0.244 0.052 0.704
   880 62913 18351 14549  3857    48  0.532 0.160 0.308 0.244 0.051 0.705
   885 63138 18111 14544  3718    48  0.531 0.160 0.309 0.243 0.050 0.707
   890 62764 18110 14497  3741    48  0.531 0.160 0.309 0.242 0.049 0.709
   895 62809 18093 14308  3792    48  0.532 0.160 0.309 0.242 0.049 0.709
   900 62698 18286 14418  3696    48  0.533 0.159 0.308 0.243 0.049 0.708
   905 62575 18322 14567  3744    48  0.533 0.159 0.308 0.243 0.049 0.708
   910 62779 18054 14381  3770    48  0.533 0.158 0.309 0.241 0.048 0.711
   915 62616 18060 14504  3660    48  0.534 0.157 0.309 0.243 0.048 0.709
   920 62869 17983 14332  3836    48  0.535 0.158 0.307 0.245 0.049 0.706
   925 62512 18284 14465  3655    48  0.536 0.158 0.307 0.244 0.048 0.707
   930 62872 18127 14691  3663    48  0.535 0.157 0.307 0.247 0.049 0.704
   935 62592 18340 14323  3666    48  0.536 0.158 0.306 0.248 0.049 0.703
   940 62862 18030 14391  3688    48  0.537 0.159 0.304 0.249 0.049 0.702
   945 62775 18476 14497  3844    48  0.537 0.158 0.305 0.249 0.049 0.702
   950 62857 18194 14387  3783    48  0.536 0.159 0.305 0.248 0.049 0.703
   955 62910 18225 14429  3749    48  0.536 0.158 0.306 0.248 0.048 0.704
   960 62683 18303 14212  3751    48  0.537 0.158 0.305 0.249 0.049 0.703
   965 63054 18036 14546  3752    48  0.537 0.158 0.306 0.249 0.048 0.703
   970 62822 18175 14473  3766    48  0.536 0.158 0.306 0.247 0.047 0.706
   975 62961 18034 14519  3688    48  0.537 0.158 0.305 0.245 0.046 0.708
   980 62480 18420 14456  3654    48  0.536 0.157 0.307 0.245 0.046 0.709
   985 62679 18230 14504  3710    48  0.537 0.156 0.307 0.246 0.046 0.709
   990 62623 18155 14318  3631    48  0.536 0.155 0.309 0.245 0.046 0.710
   995 62311 18231 14528  3665    47  0.538 0.155 0.308 0.243 0.044 0.712
  1000 62493 18178 14296  3657    47  0.537 0.155 0.308 0.244 0.044 0.712
