 nmt =               50
 dmf =      T
 dff =      F
 vgr =       0.250000000    
 lde =       0.949999988    
 theta =     0.500000000    
 sigma =     0.500000000    
 ssr =                1
 dr =        0.300000012    
 mr =         9.99999978E-03
 spdispr =           30
 gs =               300
 ini =            60000
 ngen =            1000
 Myseed =         84563
 nmap =            1000
 Gen nind ndea nveg nspo num_mat veg_1 spo_1 mat_1 veg_2 spo_2 mat_2
     0 60000     0     0     0    50  0.332 0.334 0.335   NaN   NaN   NaN
     5 62925 17112  8099  9586    50  0.329 0.339 0.332 0.241 0.237 0.522
    10 62365 17032  7865  8972    50  0.309 0.328 0.364 0.214 0.209 0.577
    15 61119 16988  8161  8509    50  0.295 0.314 0.392 0.192 0.185 0.622
    20 59821 16585  8336  8135    50  0.283 0.299 0.418 0.173 0.166 0.661
    25 59000 16441  8493  7692    50  0.274 0.288 0.437 0.157 0.149 0.693
    30 58358 16349  8734  7537    50  0.268 0.281 0.451 0.143 0.136 0.720
    35 57996 16211  8817  7379    50  0.262 0.275 0.463 0.131 0.126 0.743
    40 57483 15900  8942  7138    50  0.259 0.272 0.469 0.120 0.117 0.764
    45 56613 15930  8806  6887    50  0.259 0.271 0.470 0.112 0.108 0.780
    50 56612 15855  9021  6974    50  0.257 0.271 0.471 0.105 0.103 0.792
    55 56367 15709  8965  6954    50  0.260 0.274 0.465 0.100 0.098 0.802
    60 56464 15866  8977  6938    50  0.260 0.277 0.463 0.094 0.094 0.813
    65 56226 15919  8955  6890    50  0.262 0.280 0.458 0.090 0.090 0.820
    70 56629 15836  9121  6882    50  0.264 0.284 0.452 0.086 0.086 0.827
    75 56624 15853  8968  6966    50  0.265 0.290 0.445 0.081 0.083 0.836
    80 56654 16027  8852  6984    50  0.266 0.293 0.441 0.078 0.080 0.843
    85 56894 15833  9170  7034    50  0.267 0.296 0.438 0.077 0.079 0.844
    90 56722 15923  9017  6872    50  0.267 0.297 0.437 0.075 0.078 0.848
    95 56525 15850  8872  6978    50  0.267 0.299 0.434 0.073 0.076 0.852
   100 56741 15797  8827  7019    50  0.266 0.300 0.434 0.069 0.073 0.858
   105 56476 15968  8932  6814    50  0.267 0.302 0.432 0.068 0.072 0.860
   110 57186 15846  8935  7032    50  0.267 0.304 0.429 0.067 0.072 0.861
   115 56866 15850  8995  7043    50  0.268 0.306 0.426 0.066 0.071 0.864
   120 56889 15942  8920  6974    50  0.267 0.306 0.427 0.064 0.070 0.865
   125 56604 16001  8849  6837    50  0.266 0.306 0.429 0.064 0.070 0.866
   130 56898 15926  8962  6872    50  0.265 0.307 0.428 0.063 0.069 0.868
   135 57005 15977  8877  6980    50  0.267 0.308 0.425 0.062 0.069 0.868
   140 56897 16051  8857  7041    50  0.267 0.310 0.423 0.063 0.070 0.867
   145 57198 15948  8987  7096    50  0.267 0.309 0.423 0.063 0.070 0.867
   150 56995 15819  8906  6926    50  0.267 0.308 0.425 0.062 0.070 0.867
   155 57151 15902  8889  7112    50  0.266 0.307 0.427 0.064 0.072 0.864
   160 56895 15996  8933  6991    50  0.266 0.308 0.426 0.064 0.073 0.864
   165 57030 16011  8941  7143    50  0.265 0.306 0.428 0.062 0.071 0.867
   170 56967 15765  8950  7010    50  0.266 0.305 0.429 0.062 0.070 0.868
   175 57016 15911  9030  6912    50  0.266 0.306 0.428 0.061 0.071 0.868
   180 56760 15796  8910  7013    50  0.267 0.306 0.427 0.061 0.070 0.868
   185 56674 15844  8860  6867    50  0.265 0.305 0.430 0.061 0.069 0.870
   190 56730 16003  9042  6897    50  0.266 0.306 0.428 0.061 0.069 0.870
   195 56563 16076  9013  6941    50  0.266 0.306 0.429 0.060 0.069 0.871
   200 56704 15810  9009  6879    50  0.263 0.302 0.435 0.061 0.069 0.871
   205 56385 15907  8943  6770    50  0.262 0.300 0.438 0.058 0.067 0.875
   210 56225 15736  9188  6713    50  0.262 0.299 0.439 0.059 0.067 0.874
   215 56216 15670  9031  6711    50  0.261 0.299 0.440 0.058 0.067 0.875
   220 56415 15533  8938  6810    50  0.260 0.298 0.442 0.059 0.067 0.873
   225 56353 15621  9009  6675    50  0.259 0.298 0.442 0.059 0.067 0.874
   230 56273 15780  8940  6798    50  0.259 0.298 0.443 0.059 0.067 0.874
   235 56496 15788  9088  6763    50  0.258 0.297 0.445 0.058 0.066 0.876
   240 56571 15661  9095  6849    50  0.257 0.297 0.445 0.059 0.068 0.873
   245 56152 15808  8958  6793    50  0.255 0.294 0.451 0.058 0.067 0.875
   250 56312 15676  9139  6761    50  0.255 0.294 0.451 0.058 0.068 0.874
   255 56552 15700  8958  6930    50  0.254 0.293 0.453 0.058 0.067 0.875
   260 56148 15780  9200  6687    50  0.254 0.292 0.455 0.057 0.066 0.877
   265 56021 15944  9026  6737    50  0.251 0.289 0.460 0.057 0.066 0.877
   270 56189 15597  8991  6650    50  0.251 0.288 0.460 0.056 0.065 0.879
   275 55502 15692  9009  6634    50  0.249 0.285 0.466 0.055 0.064 0.881
   280 55716 15651  8982  6585    50  0.248 0.283 0.468 0.055 0.064 0.881
   285 55468 15644  9113  6373    50  0.248 0.283 0.470 0.054 0.063 0.883
   290 55503 15647  9172  6407    50  0.247 0.283 0.470 0.054 0.063 0.883
   295 55887 15852  9248  6411    50  0.247 0.282 0.471 0.054 0.063 0.883
   300 55513 15627  8984  6538    50  0.246 0.281 0.473 0.054 0.063 0.882
   305 55435 15822  9280  6424    50  0.247 0.281 0.472 0.054 0.063 0.883
   310 55809 15390  9135  6616    50  0.246 0.279 0.475 0.055 0.063 0.882
   315 55407 15506  9086  6420    50  0.245 0.277 0.479 0.054 0.062 0.884
   320 55515 15488  9235  6458    50  0.244 0.275 0.480 0.055 0.063 0.882
   325 55115 15554  9180  6273    50  0.244 0.276 0.481 0.056 0.065 0.879
   330 55500 15546  9184  6391    50  0.244 0.276 0.480 0.056 0.065 0.880
   335 55470 15578  9166  6345    50  0.242 0.276 0.482 0.056 0.065 0.880
   340 55398 15572  9126  6410    50  0.241 0.274 0.485 0.054 0.063 0.883
   345 55251 15532  9220  6222    50  0.240 0.273 0.487 0.054 0.063 0.884
   350 55119 15751  9129  6387    50  0.240 0.274 0.486 0.054 0.063 0.883
   355 55024 15481  9071  6311    50  0.238 0.272 0.490 0.055 0.065 0.880
   360 55109 15513  9131  6320    50  0.237 0.270 0.493 0.055 0.064 0.881
   365 55073 15516  9146  6295    50  0.238 0.271 0.491 0.055 0.064 0.881
   370 55059 15239  9152  6296    50  0.234 0.268 0.498 0.054 0.063 0.883
   375 54928 15505  9217  6246    50  0.234 0.268 0.498 0.053 0.062 0.884
   380 55008 15405  9288  6173    50  0.232 0.267 0.501 0.053 0.062 0.885
   385 54950 15569  9050  6334    50  0.232 0.267 0.501 0.053 0.062 0.885
   390 55113 15537  9144  6307    50  0.232 0.266 0.502 0.053 0.062 0.885
   395 54470 15594  9172  6178    50  0.232 0.266 0.503 0.053 0.062 0.885
   400 54999 15360  9164  6232    50  0.231 0.263 0.506 0.054 0.063 0.883
   405 54709 15352  9197  6183    50  0.231 0.263 0.506 0.053 0.061 0.885
   410 54812 15406  9243  6104    50  0.230 0.262 0.509 0.051 0.060 0.889
   415 54633 15157  9102  6066    50  0.229 0.260 0.511 0.051 0.059 0.890
   420 54633 15324  9284  6121    50  0.229 0.260 0.511 0.053 0.060 0.887
   425 54640 15490  9359  6079    50  0.229 0.260 0.511 0.054 0.062 0.885
   430 54785 15527  9312  6045    50  0.229 0.260 0.511 0.054 0.062 0.884
   435 54562 15445  9141  6137    50  0.228 0.259 0.513 0.054 0.062 0.884
   440 54840 15291  9301  6177    50  0.227 0.257 0.516 0.054 0.063 0.882
   445 54614 15376  9344  6138    50  0.227 0.257 0.516 0.055 0.063 0.882
   450 54658 15279  9177  6213    50  0.226 0.255 0.519 0.056 0.064 0.880
   455 54268 15368  9316  5993    50  0.225 0.255 0.520 0.055 0.063 0.883
   460 54377 15413  9436  5956    50  0.224 0.252 0.524 0.054 0.063 0.883
   465 54199 15479  9317  5901    50  0.224 0.251 0.525 0.054 0.063 0.883
   470 53800 15411  9151  6038    50  0.222 0.250 0.528 0.053 0.061 0.886
   475 53897 15157  9496  5884    50  0.223 0.250 0.527 0.052 0.060 0.888
   480 54070 15207  9235  6022    50  0.223 0.249 0.527 0.053 0.060 0.888
   485 54088 15244  9500  5847    50  0.223 0.249 0.529 0.053 0.060 0.888
   490 54286 15079  9302  5941    50  0.223 0.249 0.528 0.052 0.059 0.889
   495 54193 15259  9389  5949    49  0.222 0.247 0.531 0.052 0.060 0.888
   500 53794 15208  9245  5819    49  0.222 0.247 0.531 0.052 0.060 0.888
   505 53626 15265  9184  5804    49  0.221 0.246 0.532 0.053 0.060 0.887
   510 53871 15219  9436  5761    49  0.221 0.246 0.533 0.052 0.059 0.889
   515 53693 15158  9259  5864    49  0.222 0.246 0.532 0.052 0.059 0.889
   520 53762 15224  9532  5782    49  0.223 0.245 0.532 0.053 0.060 0.887
   525 53545 15370  9342  5704    49  0.222 0.245 0.532 0.054 0.061 0.886
   530 54041 15344  9437  5923    49  0.222 0.243 0.535 0.053 0.060 0.887
   535 53970 15251  9216  5857    48  0.222 0.243 0.535 0.053 0.060 0.887
   540 53949 15156  9450  5671    48  0.222 0.242 0.536 0.053 0.059 0.888
   545 53547 15256  9241  5687    48  0.221 0.241 0.538 0.054 0.060 0.886
   550 53885 15006  9408  5876    48  0.222 0.240 0.539 0.054 0.061 0.885
   555 53856 15115  9449  5735    48  0.221 0.240 0.539 0.055 0.061 0.884
   560 53538 15156  9434  5704    48  0.221 0.239 0.540 0.055 0.061 0.885
   565 53298 15344  9273  5622    48  0.220 0.238 0.542 0.054 0.061 0.885
   570 53654 15109  9476  5621    48  0.219 0.237 0.543 0.054 0.060 0.886
   575 53412 15187  9477  5654    48  0.220 0.236 0.544 0.053 0.059 0.888
   580 53791 15276  9515  5743    48  0.220 0.236 0.544 0.053 0.060 0.888
   585 53633 15193  9543  5570    48  0.220 0.236 0.544 0.053 0.059 0.888
   590 53289 15310  9539  5586    48  0.220 0.236 0.544 0.053 0.060 0.887
   595 53599 15132  9502  5574    48  0.219 0.235 0.546 0.054 0.060 0.886
   600 53396 15037  9395  5666    48  0.219 0.234 0.547 0.054 0.060 0.885
   605 53472 14948  9353  5674    48  0.218 0.234 0.548 0.056 0.062 0.883
   610 53534 15045  9358  5597    48  0.217 0.234 0.549 0.056 0.062 0.883
   615 53157 15175  9412  5549    48  0.218 0.234 0.548 0.056 0.062 0.882
   620 53422 15211  9402  5633    48  0.218 0.234 0.548 0.055 0.061 0.884
   625 53582 14962  9320  5633    48  0.216 0.232 0.553 0.055 0.061 0.884
   630 53759 14971  9573  5646    48  0.215 0.231 0.553 0.056 0.061 0.883
   635 53217 15185  9453  5610    48  0.215 0.231 0.554 0.056 0.061 0.883
   640 53033 15180  9541  5647    48  0.213 0.229 0.557 0.055 0.060 0.885
   645 53331 15020  9587  5796    48  0.214 0.230 0.557 0.054 0.060 0.886
   650 53444 14866  9578  5529    48  0.213 0.228 0.559 0.054 0.059 0.887
   655 52810 15168  9476  5491    48  0.212 0.227 0.561 0.054 0.059 0.887
   660 53362 14895  9582  5619    48  0.212 0.227 0.561 0.053 0.059 0.888
   665 53172 14810  9470  5491    48  0.211 0.226 0.563 0.052 0.057 0.891
   670 52769 15202  9523  5464    48  0.211 0.225 0.563 0.052 0.057 0.892
   675 53153 15118  9584  5518    48  0.210 0.225 0.565 0.053 0.058 0.889
   680 52771 15132  9588  5394    48  0.212 0.226 0.563 0.052 0.057 0.891
   685 52983 14900  9511  5565    48  0.210 0.224 0.566 0.053 0.058 0.889
   690 53060 15217  9563  5552    48  0.211 0.225 0.564 0.054 0.059 0.887
   695 52888 15060  9400  5416    48  0.211 0.225 0.565 0.054 0.059 0.888
   700 52917 14900  9540  5411    48  0.210 0.224 0.566 0.054 0.059 0.888
   705 53118 14947  9636  5493    48  0.211 0.224 0.566 0.053 0.058 0.888
   710 52889 15005  9615  5510    48  0.210 0.222 0.568 0.055 0.059 0.886
   715 53070 14968  9464  5536    48  0.209 0.220 0.571 0.055 0.059 0.886
   720 52853 15150  9502  5328    48  0.210 0.220 0.569 0.055 0.058 0.887
   725 52827 14900  9741  5387    48  0.211 0.220 0.569 0.055 0.060 0.885
   730 52953 14975  9618  5407    48  0.210 0.219 0.571 0.056 0.060 0.885
   735 52879 14698  9483  5282    48  0.210 0.219 0.571 0.056 0.060 0.884
   740 52859 14776  9491  5481    48  0.210 0.218 0.571 0.056 0.060 0.884
   745 52644 14952  9442  5466    48  0.211 0.218 0.572 0.056 0.060 0.883
   750 52688 14971  9623  5379    48  0.211 0.217 0.572 0.055 0.059 0.885
   755 52922 15026  9550  5362    48  0.211 0.216 0.573 0.056 0.059 0.885
   760 52634 15056  9623  5251    48  0.211 0.215 0.574 0.055 0.058 0.887
   765 52314 14933  9683  5290    48  0.210 0.213 0.577 0.056 0.059 0.885
   770 52741 14663  9520  5275    48  0.210 0.213 0.577 0.056 0.059 0.885
   775 52513 14982  9589  5252    48  0.209 0.213 0.578 0.055 0.058 0.887
   780 52406 14745  9779  5145    48  0.210 0.212 0.577 0.055 0.058 0.887
   785 52149 14939  9601  5217    48  0.210 0.212 0.577 0.054 0.057 0.889
   790 51984 14915  9652  5183    48  0.211 0.212 0.577 0.055 0.057 0.888
   795 52221 14962  9689  5060    48  0.210 0.211 0.578 0.055 0.058 0.887
   800 52322 14821  9591  5316    48  0.209 0.210 0.581 0.055 0.058 0.887
   805 52207 14783  9568  5219    48  0.209 0.209 0.582 0.056 0.058 0.886
   810 52297 14710  9613  5266    48  0.208 0.209 0.583 0.057 0.059 0.885
   815 52263 14813  9635  5181    48  0.209 0.209 0.582 0.056 0.057 0.887
   820 52437 14774  9707  5233    48  0.210 0.210 0.580 0.057 0.058 0.885
   825 52369 15055  9556  5219    48  0.210 0.209 0.581 0.056 0.059 0.885
   830 52061 14919  9577  5101    48  0.209 0.209 0.582 0.056 0.058 0.885
   835 52321 14608  9523  5170    48  0.210 0.208 0.583 0.057 0.059 0.883
   840 52469 14744  9676  5298    48  0.210 0.208 0.582 0.057 0.059 0.884
   845 52028 14792  9589  5169    48  0.210 0.207 0.584 0.057 0.059 0.884
   850 52320 14838  9665  5196    48  0.210 0.206 0.584 0.058 0.059 0.883
   855 52262 14966  9630  5157    48  0.209 0.206 0.585 0.058 0.060 0.882
   860 51975 14957  9626  5149    48  0.209 0.206 0.585 0.058 0.059 0.883
   865 51695 14818  9570  5147    48  0.210 0.205 0.585 0.057 0.058 0.885
   870 51817 14660  9710  4946    48  0.210 0.204 0.586 0.056 0.056 0.888
   875 52144 14681  9796  5124    48  0.210 0.203 0.587 0.055 0.057 0.888
   880 51901 14849  9836  5166    48  0.209 0.203 0.588 0.056 0.057 0.887
   885 51870 14967  9755  5003    48  0.208 0.202 0.590 0.056 0.057 0.887
   890 52027 14720  9740  5091    48  0.208 0.201 0.591 0.056 0.057 0.886
   895 51873 14756  9644  5079    48  0.207 0.201 0.592 0.058 0.058 0.884
   900 51973 14795  9695  5093    48  0.206 0.200 0.593 0.058 0.059 0.883
   905 51960 14748  9783  5113    48  0.207 0.200 0.592 0.057 0.058 0.885
   910 52043 14590  9705  5089    48  0.207 0.201 0.592 0.057 0.058 0.885
   915 51973 14597  9705  5068    48  0.207 0.200 0.593 0.058 0.059 0.883
   920 51623 14681  9751  4953    48  0.207 0.200 0.593 0.058 0.059 0.883
   925 51928 14668  9758  5104    48  0.207 0.200 0.593 0.058 0.058 0.884
   930 51482 14681  9948  4927    48  0.207 0.199 0.594 0.057 0.058 0.885
   935 51863 14846  9870  4914    48  0.207 0.199 0.594 0.057 0.058 0.884
   940 51841 14692  9854  5022    48  0.206 0.199 0.595 0.057 0.058 0.885
   945 51902 14675  9832  5085    48  0.206 0.198 0.596 0.058 0.058 0.884
   950 51918 14741  9704  5062    48  0.205 0.198 0.597 0.058 0.058 0.884
   955 51722 14846  9625  5047    48  0.206 0.198 0.596 0.058 0.058 0.884
   960 52127 14741  9783  4976    48  0.205 0.198 0.598 0.058 0.058 0.885
   965 51529 14579  9774  4921    48  0.203 0.196 0.601 0.058 0.058 0.885
   970 51905 14802  9677  5028    48  0.204 0.197 0.599 0.058 0.058 0.885
   975 51497 14789  9805  4918    48  0.204 0.196 0.600 0.057 0.057 0.886
   980 51909 14655  9626  5005    48  0.203 0.196 0.602 0.059 0.058 0.883
   985 51422 14734  9639  4866    48  0.203 0.195 0.602 0.059 0.058 0.883
   990 51396 14634  9794  4923    48  0.202 0.194 0.603 0.059 0.058 0.883
   995 51502 14674  9705  5069    48  0.202 0.194 0.604 0.058 0.058 0.884
  1000 51658 14655  9744  4963    48  0.201 0.193 0.605 0.059 0.058 0.883
