 nmt =               50
 dmf =      T
 dff =      F
 vgr =       0.349999994    
 lde =       0.949999988    
 theta =     0.500000000    
 sigma =     0.500000000    
 ssr =                1
 dr =        0.300000012    
 mr =         9.99999978E-03
 spdispr =           30
 gs =               300
 ini =            60000
 ngen =            1000
 Myseed =         84563
 nmap =            1000
 Gen nind ndea nveg nspo num_mat veg_1 spo_1 mat_1 veg_2 spo_2 mat_2
     0 60000     0     0     0    50  0.334 0.333 0.332   NaN   NaN   NaN
     5 66505 18421 10006  8950    50  0.340 0.336 0.324 0.247 0.232 0.521
    10 66059 18404  9781  8361    50  0.327 0.323 0.350 0.225 0.202 0.573
    15 64979 18285  9997  7930    50  0.318 0.309 0.373 0.205 0.180 0.615
    20 64348 18121 10238  7622    50  0.312 0.297 0.391 0.189 0.161 0.650
    25 63726 17883 10439  7440    50  0.307 0.285 0.408 0.174 0.144 0.682
    30 63064 17621 10550  7186    50  0.304 0.275 0.420 0.159 0.131 0.710
    35 62388 17589 10840  6748    50  0.303 0.268 0.429 0.148 0.119 0.732
    40 62024 17605 10950  6601    50  0.302 0.264 0.434 0.138 0.110 0.751
    45 61657 17418 10871  6432    50  0.304 0.262 0.434 0.130 0.102 0.768
    50 61626 17474 10992  6289    50  0.307 0.261 0.432 0.123 0.097 0.780
    55 61343 17325 11066  6227    50  0.310 0.261 0.429 0.115 0.091 0.794
    60 61314 17288 11179  6211    50  0.314 0.262 0.423 0.109 0.086 0.805
    65 60940 17353 11159  6123    50  0.319 0.265 0.416 0.103 0.081 0.816
    70 61221 17230 11233  6158    50  0.323 0.267 0.410 0.098 0.078 0.823
    75 60835 17334 11024  6072    50  0.325 0.268 0.407 0.094 0.075 0.831
    80 60960 17335 10989  6288    50  0.328 0.272 0.400 0.092 0.073 0.835
    85 61446 17251 11183  6270    50  0.331 0.276 0.393 0.089 0.071 0.841
    90 61273 17220 11007  6209    50  0.330 0.277 0.393 0.086 0.069 0.846
    95 61312 17260 10996  6098    50  0.334 0.279 0.387 0.082 0.066 0.852
   100 61279 17280 11105  6224    50  0.338 0.280 0.382 0.080 0.065 0.856
   105 60978 17420 11190  6119    50  0.338 0.280 0.382 0.076 0.063 0.861
   110 61254 17440 11082  6309    50  0.337 0.281 0.382 0.075 0.062 0.863
   115 61136 17331 11294  6258    50  0.339 0.281 0.380 0.075 0.062 0.863
   120 61040 17279 11052  6208    50  0.343 0.283 0.374 0.074 0.061 0.865
   125 61233 17174 11016  6298    50  0.345 0.284 0.371 0.070 0.059 0.871
   130 61174 17347 11059  6258    50  0.345 0.283 0.372 0.071 0.059 0.871
   135 61270 17157 10968  6283    50  0.347 0.286 0.368 0.070 0.058 0.872
   140 61404 17351 10864  6255    50  0.349 0.286 0.365 0.070 0.058 0.872
   145 61085 17351 11032  6432    50  0.349 0.286 0.365 0.070 0.058 0.872
   150 61045 17576 11064  6260    50  0.350 0.287 0.363 0.069 0.058 0.873
   155 61276 17301 11078  6216    50  0.350 0.286 0.364 0.068 0.058 0.874
   160 61235 17200 11182  6178    50  0.351 0.288 0.362 0.069 0.058 0.873
   165 61433 17307 10932  6212    50  0.351 0.287 0.362 0.069 0.058 0.874
   170 60899 17505 11057  6173    50  0.351 0.285 0.364 0.068 0.057 0.875
   175 61402 17050 11256  6275    50  0.350 0.285 0.365 0.068 0.057 0.875
   180 60896 17378 11162  6139    50  0.351 0.285 0.363 0.067 0.056 0.877
   185 60868 17360 10984  6056    50  0.352 0.285 0.363 0.067 0.056 0.877
   190 61103 17338 11156  6209    50  0.352 0.285 0.363 0.068 0.057 0.875
   195 61038 17247 11061  6171    50  0.351 0.283 0.366 0.068 0.056 0.876
   200 61147 17190 11122  6184    50  0.351 0.283 0.365 0.067 0.056 0.877
   205 61324 17271 10985  6210    50  0.352 0.282 0.365 0.067 0.056 0.877
   210 61049 17202 10979  6149    50  0.352 0.282 0.367 0.068 0.056 0.877
   215 61100 17354 11121  6083    50  0.354 0.282 0.365 0.068 0.056 0.875
   220 60759 17410 11098  6209    50  0.352 0.282 0.366 0.070 0.057 0.873
   225 61191 17430 11285  6313    50  0.352 0.282 0.366 0.070 0.058 0.872
   230 61137 17189 11059  6142    50  0.351 0.280 0.368 0.071 0.058 0.870
   235 61009 17303 11230  6172    50  0.350 0.279 0.371 0.070 0.057 0.873
   240 60953 17288 11125  6117    50  0.351 0.279 0.370 0.069 0.057 0.874
   245 61044 17119 11200  6120    50  0.350 0.278 0.373 0.068 0.056 0.877
   250 60768 17148 11153  6082    50  0.349 0.277 0.374 0.068 0.055 0.877
   255 60988 17130 11144  6146    50  0.348 0.276 0.376 0.067 0.054 0.879
   260 60771 17438 11141  6085    50  0.347 0.275 0.379 0.067 0.055 0.879
   265 60881 17178 11207  6186    50  0.347 0.275 0.379 0.068 0.055 0.877
   270 60724 17249 11065  6025    50  0.346 0.273 0.382 0.067 0.055 0.878
   275 60827 17209 11238  6005    50  0.346 0.272 0.382 0.068 0.055 0.877
   280 60561 17188 11256  5898    50  0.344 0.271 0.385 0.068 0.055 0.877
   285 60332 17089 11116  5980    50  0.343 0.270 0.387 0.066 0.054 0.880
   290 60426 17141 11143  5993    50  0.343 0.269 0.388 0.067 0.054 0.879
   295 60463 17173 11316  5989    50  0.344 0.269 0.387 0.066 0.053 0.881
   300 60661 17175 11404  5900    50  0.341 0.267 0.392 0.068 0.054 0.878
   305 60785 17029 11209  5800    50  0.343 0.266 0.390 0.068 0.054 0.878
   310 60405 17350 11219  5892    50  0.343 0.266 0.391 0.069 0.054 0.877
   315 60339 17182 11164  5857    50  0.342 0.265 0.393 0.068 0.053 0.879
   320 60404 17020 11192  5879    50  0.341 0.264 0.395 0.068 0.053 0.879
   325 60506 17131 11357  5830    50  0.342 0.265 0.393 0.067 0.052 0.881
   330 60598 17042 11407  5838    50  0.342 0.264 0.394 0.067 0.053 0.880
   335 59877 17161 11542  5838    50  0.339 0.261 0.399 0.067 0.053 0.880
   340 60332 17114 11340  5979    50  0.340 0.261 0.400 0.066 0.052 0.881
   345 59949 17051 11377  5827    50  0.340 0.259 0.401 0.066 0.052 0.882
   350 60166 17016 11402  5736    50  0.340 0.259 0.401 0.068 0.053 0.879
   355 60140 17117 11209  5793    50  0.340 0.258 0.402 0.068 0.053 0.879
   360 60247 17073 11292  5711    50  0.339 0.257 0.403 0.069 0.054 0.877
   365 59968 17140 11200  5823    50  0.337 0.256 0.407 0.070 0.055 0.875
   370 60030 17035 11286  5759    50  0.337 0.256 0.406 0.073 0.057 0.869
   375 60036 17166 11295  5726    50  0.338 0.257 0.405 0.073 0.058 0.869
   380 59848 17146 11109  5565    50  0.337 0.256 0.407 0.074 0.058 0.868
   385 60300 16963 11462  5784    50  0.337 0.255 0.407 0.074 0.058 0.869
   390 60125 17114 11385  5593    50  0.337 0.254 0.409 0.073 0.058 0.869
   395 60057 17339 11458  5871    50  0.336 0.254 0.410 0.074 0.058 0.868
   400 60034 17125 11336  5796    50  0.336 0.253 0.410 0.074 0.058 0.869
   405 60201 16926 11395  5625    50  0.335 0.252 0.413 0.072 0.056 0.873
   410 60252 17066 11446  5721    50  0.336 0.252 0.413 0.071 0.056 0.873
   415 59989 16987 11465  5767    50  0.335 0.251 0.414 0.071 0.056 0.874
   420 59939 17005 11415  5668    50  0.335 0.250 0.415 0.071 0.056 0.874
   425 59761 17042 11351  5639    50  0.335 0.250 0.415 0.069 0.055 0.876
   430 59953 17095 11499  5600    50  0.335 0.249 0.416 0.071 0.056 0.874
   435 59902 17065 11373  5701    50  0.333 0.248 0.419 0.070 0.055 0.875
   440 60220 17084 11438  5533    50  0.333 0.248 0.419 0.070 0.054 0.876
   445 59739 17041 11408  5561    50  0.333 0.247 0.420 0.071 0.055 0.875
   450 59889 16923 11545  5619    50  0.333 0.246 0.420 0.071 0.055 0.874
   455 59949 16640 11475  5558    50  0.333 0.246 0.420 0.071 0.054 0.875
   460 59751 16938 11427  5634    50  0.334 0.246 0.420 0.070 0.054 0.877
   465 59730 16910 11537  5516    50  0.334 0.246 0.420 0.070 0.054 0.876
   470 59439 17167 11355  5515    50  0.332 0.245 0.423 0.069 0.053 0.877
   475 59709 17020 11378  5587    50  0.333 0.245 0.422 0.069 0.053 0.878
   480 59584 17039 11551  5472    50  0.333 0.244 0.423 0.072 0.055 0.873
   485 59969 16915 11490  5585    50  0.332 0.243 0.425 0.072 0.056 0.872
   490 59732 17031 11444  5515    50  0.332 0.242 0.426 0.073 0.055 0.872
   495 59800 17017 11410  5610    50  0.331 0.242 0.427 0.074 0.057 0.869
   500 59752 16808 11344  5566    50  0.330 0.241 0.429 0.075 0.057 0.868
   505 59602 16946 11368  5502    50  0.329 0.240 0.431 0.074 0.057 0.869
   510 59470 17007 11455  5532    50  0.329 0.239 0.432 0.077 0.059 0.864
   515 59844 16798 11316  5570    50  0.328 0.238 0.434 0.077 0.059 0.864
   520 59438 17022 11386  5397    50  0.329 0.238 0.433 0.076 0.058 0.866
   525 59950 16664 11527  5455    50  0.328 0.239 0.433 0.076 0.058 0.866
   530 59835 16941 11452  5496    50  0.326 0.237 0.436 0.075 0.057 0.868
   535 59705 17053 11424  5506    50  0.325 0.236 0.439 0.077 0.058 0.865
   540 59488 16897 11387  5485    50  0.326 0.236 0.438 0.078 0.059 0.863
   545 59390 17023 11463  5440    50  0.325 0.236 0.439 0.077 0.058 0.865
   550 59341 17037 11621  5443    50  0.325 0.236 0.439 0.076 0.057 0.867
   555 59437 16997 11556  5422    50  0.325 0.235 0.440 0.077 0.058 0.865
   560 59455 16869 11343  5502    50  0.325 0.235 0.440 0.077 0.058 0.864
   565 59656 16998 11455  5532    50  0.326 0.234 0.440 0.078 0.059 0.863
   570 59404 17034 11437  5498    50  0.327 0.235 0.438 0.078 0.058 0.865
   575 59579 16869 11778  5378    50  0.327 0.234 0.439 0.077 0.058 0.865
   580 59363 17046 11394  5456    50  0.327 0.233 0.440 0.079 0.058 0.863
   585 59456 17040 11453  5493    50  0.327 0.233 0.440 0.077 0.057 0.866
   590 59193 17067 11654  5473    50  0.327 0.233 0.440 0.077 0.057 0.866
   595 59565 16995 11435  5476    50  0.327 0.232 0.441 0.078 0.057 0.865
   600 59370 16908 11387  5517    50  0.326 0.232 0.442 0.077 0.057 0.866
   605 59487 16770 11396  5310    50  0.327 0.232 0.441 0.076 0.056 0.868
   610 59277 16821 11322  5313    50  0.327 0.231 0.442 0.076 0.055 0.869
   615 59525 16832 11402  5486    50  0.326 0.229 0.444 0.075 0.055 0.870
   620 59397 17028 11479  5490    50  0.326 0.229 0.445 0.075 0.055 0.870
   625 59015 16870 11566  5296    50  0.327 0.229 0.444 0.075 0.055 0.870
   630 59264 16811 11792  5368    49  0.326 0.229 0.445 0.075 0.055 0.870
   635 59209 16970 11502  5443    49  0.325 0.228 0.447 0.077 0.057 0.866
   640 59516 16827 11550  5399    49  0.325 0.228 0.446 0.077 0.056 0.867
   645 59151 16814 11423  5368    49  0.325 0.228 0.448 0.078 0.057 0.865
   650 59347 16882 11531  5409    49  0.325 0.228 0.447 0.076 0.056 0.868
   655 59327 16925 11560  5416    49  0.325 0.227 0.448 0.076 0.056 0.868
   660 59250 17010 11492  5316    49  0.324 0.226 0.449 0.077 0.056 0.867
   665 59247 16944 11477  5253    49  0.324 0.226 0.450 0.075 0.055 0.870
   670 59210 16934 11532  5445    49  0.323 0.226 0.451 0.077 0.057 0.866
   675 59136 16711 11631  5287    49  0.323 0.225 0.451 0.076 0.056 0.868
   680 59150 16969 11564  5392    49  0.322 0.224 0.453 0.076 0.056 0.868
   685 59391 16808 11612  5345    49  0.322 0.225 0.453 0.077 0.057 0.867
   690 59106 16892 11626  5375    49  0.323 0.224 0.453 0.077 0.057 0.866
   695 59115 16813 11670  5328    49  0.323 0.224 0.453 0.077 0.057 0.866
   700 59050 16900 11477  5343    49  0.322 0.223 0.455 0.079 0.058 0.863
   705 59172 16878 11458  5424    49  0.321 0.223 0.457 0.080 0.058 0.862
   710 58928 17025 11590  5306    49  0.320 0.222 0.459 0.079 0.058 0.863
   715 58781 16988 11471  5322    49  0.321 0.221 0.458 0.081 0.059 0.860
   720 58920 16938 11615  5270    49  0.320 0.221 0.459 0.079 0.058 0.863
   725 58904 16880 11619  5231    49  0.319 0.220 0.461 0.081 0.059 0.861
   730 58854 16896 11599  5229    49  0.320 0.220 0.460 0.079 0.057 0.863
   735 58839 16791 11493  5156    49  0.320 0.219 0.461 0.079 0.057 0.864
   740 59076 16770 11617  5254    49  0.319 0.219 0.462 0.079 0.057 0.865
   745 58694 16896 11502  5153    49  0.319 0.218 0.463 0.079 0.057 0.865
   750 58924 16757 11741  5215    49  0.318 0.217 0.465 0.079 0.056 0.865
   755 58581 16956 11692  5113    49  0.318 0.216 0.466 0.078 0.056 0.866
   760 58714 16697 11441  5117    49  0.318 0.215 0.467 0.078 0.055 0.867
   765 58626 16797 11388  5087    49  0.317 0.214 0.469 0.079 0.057 0.864
   770 59098 16750 11828  5175    49  0.317 0.214 0.469 0.079 0.057 0.864
   775 58411 16767 11539  4987    49  0.318 0.214 0.468 0.080 0.057 0.863
   780 58658 16772 11617  5114    49  0.318 0.213 0.468 0.080 0.057 0.864
   785 58698 16679 11598  5144    49  0.319 0.212 0.469 0.080 0.057 0.863
   790 58622 16740 11555  5062    49  0.318 0.212 0.470 0.079 0.056 0.866
   795 58364 16856 11645  5057    49  0.318 0.211 0.471 0.079 0.056 0.865
   800 58235 16798 11528  5090    49  0.318 0.210 0.472 0.079 0.056 0.865
   805 58384 16669 11532  5073    49  0.318 0.210 0.472 0.079 0.056 0.866
   810 58479 16682 11586  5038    49  0.318 0.209 0.473 0.079 0.055 0.866
   815 58438 16669 11702  4876    49  0.319 0.209 0.472 0.078 0.055 0.867
   820 58415 16768 11666  5027    49  0.317 0.208 0.475 0.078 0.054 0.868
   825 58236 16748 11719  4968    49  0.317 0.208 0.474 0.078 0.054 0.868
   830 58428 16673 11686  5023    49  0.317 0.208 0.475 0.079 0.054 0.867
   835 58492 16708 11696  5044    48  0.317 0.206 0.477 0.080 0.055 0.865
   840 58629 16761 11664  4908    48  0.316 0.206 0.478 0.080 0.055 0.865
   845 58551 16411 11709  5029    48  0.316 0.205 0.480 0.080 0.055 0.865
   850 58411 16617 11713  4960    48  0.317 0.204 0.479 0.078 0.053 0.868
   855 58263 16658 11674  4964    48  0.318 0.204 0.478 0.080 0.054 0.865
   860 58295 16623 11765  4921    48  0.318 0.203 0.479 0.082 0.055 0.863
   865 58247 16873 11719  5046    48  0.319 0.203 0.478 0.083 0.056 0.861
   870 57965 16730 11487  4992    48  0.319 0.202 0.478 0.082 0.056 0.862
   875 58458 16659 11781  5007    48  0.319 0.202 0.479 0.084 0.057 0.859
   880 58149 16769 11792  4950    47  0.318 0.201 0.481 0.084 0.057 0.859
   885 58507 16676 11707  4926    47  0.318 0.201 0.481 0.085 0.057 0.859
   890 57952 16818 11635  4855    46  0.318 0.200 0.482 0.085 0.056 0.858
   895 58246 16624 11499  4950    46  0.318 0.200 0.482 0.085 0.057 0.858
   900 58041 16813 11586  4939    46  0.317 0.199 0.484 0.085 0.056 0.859
   905 58036 16778 11719  4756    45  0.317 0.199 0.484 0.083 0.055 0.862
   910 57850 16643 11782  4883    45  0.317 0.198 0.485 0.082 0.055 0.863
   915 58030 16537 11832  4831    44  0.316 0.197 0.487 0.084 0.056 0.860
   920 58233 16590 11802  4846    44  0.316 0.197 0.487 0.084 0.055 0.861
   925 58181 16441 11666  4834    44  0.316 0.197 0.487 0.083 0.055 0.862
   930 58054 16563 11762  4835    44  0.316 0.197 0.487 0.083 0.055 0.862
   935 57690 16566 11729  4722    44  0.316 0.195 0.488 0.083 0.055 0.862
   940 58108 16563 11643  4809    44  0.317 0.195 0.488 0.083 0.054 0.862
   945 57959 16665 11836  4829    44  0.317 0.196 0.487 0.083 0.055 0.862
   950 57647 16706 11628  4786    44  0.316 0.195 0.489 0.085 0.055 0.860
   955 58068 16661 11682  4850    44  0.317 0.195 0.488 0.085 0.055 0.860
   960 57738 16564 11696  4800    44  0.316 0.194 0.490 0.085 0.056 0.859
   965 58006 16634 11770  4826    44  0.316 0.195 0.490 0.084 0.055 0.861
   970 57994 16584 11767  4974    44  0.315 0.194 0.491 0.084 0.055 0.861
   975 58082 16579 11909  4765    44  0.314 0.194 0.492 0.084 0.055 0.862
   980 57881 16545 11724  4849    44  0.314 0.194 0.493 0.084 0.055 0.861
   985 57836 16594 11653  4806    44  0.315 0.194 0.491 0.087 0.057 0.855
   990 57607 16643 11912  4746    44  0.315 0.194 0.491 0.087 0.057 0.856
   995 57903 16440 11676  4715    44  0.315 0.193 0.491 0.087 0.057 0.856
  1000 57932 16616 11918  4813    44  0.315 0.193 0.492 0.089 0.058 0.853
