 nmt =               50
 dmf =      T
 dff =      F
 vgr =       0.449999988    
 lde =       0.949999988    
 theta =     0.500000000    
 sigma =     0.500000000    
 ssr =                1
 dr =        0.300000012    
 mr =         9.99999978E-03
 spdispr =           30
 gs =               300
 ini =            60000
 ngen =            1000
 Myseed =         84563
 nmap =            1000
 Gen nind ndea nveg nspo num_mat veg_1 spo_1 mat_1 veg_2 spo_2 mat_2
     0 60000     0     0     0    50  0.333 0.333 0.333   NaN   NaN   NaN
     5 69281 19486 11071  8254    50  0.348 0.331 0.321 0.247 0.229 0.524
    10 69057 19343 11411  7782    50  0.339 0.317 0.343 0.227 0.201 0.572
    15 68053 19173 11451  7428    50  0.337 0.303 0.360 0.209 0.179 0.612
    20 67486 19056 11834  7141    50  0.332 0.293 0.375 0.193 0.161 0.646
    25 67276 18854 12026  7059    50  0.331 0.282 0.387 0.179 0.146 0.675
    30 66536 18708 12226  6499    50  0.330 0.274 0.396 0.168 0.133 0.699
    35 66027 18872 12400  6429    50  0.333 0.267 0.400 0.159 0.123 0.719
    40 66039 18581 12406  6362    50  0.334 0.263 0.403 0.148 0.114 0.738
    45 65613 18585 12293  6114    50  0.338 0.261 0.401 0.139 0.106 0.754
    50 65319 18529 12358  6091    50  0.342 0.259 0.399 0.133 0.100 0.767
    55 65365 18362 12577  5932    50  0.347 0.260 0.393 0.125 0.093 0.782
    60 65051 18358 12685  5923    50  0.351 0.260 0.389 0.121 0.089 0.790
    65 64778 18522 12626  5875    50  0.356 0.260 0.383 0.117 0.084 0.799
    70 64914 18450 12619  5834    50  0.363 0.263 0.374 0.113 0.080 0.807
    75 64712 18422 12489  5692    50  0.368 0.262 0.369 0.109 0.076 0.816
    80 64633 18522 12597  5779    50  0.373 0.264 0.363 0.104 0.072 0.824
    85 64396 18534 12654  5728    50  0.376 0.264 0.360 0.099 0.069 0.832
    90 64959 18479 12753  5814    50  0.380 0.266 0.353 0.097 0.068 0.836
    95 64540 18365 12565  5753    50  0.385 0.267 0.348 0.094 0.066 0.841
   100 64549 18479 12628  5810    50  0.388 0.268 0.345 0.091 0.064 0.845
   105 64724 18336 12788  5661    50  0.391 0.268 0.341 0.089 0.062 0.849
   110 64718 18378 12652  5776    50  0.394 0.270 0.336 0.087 0.061 0.852
   115 64423 18483 12665  5697    50  0.396 0.269 0.335 0.085 0.059 0.856
   120 64551 18337 12818  5705    50  0.400 0.269 0.331 0.084 0.058 0.859
   125 64244 18435 12736  5593    50  0.401 0.270 0.329 0.083 0.057 0.860
   130 64436 18414 12722  5539    50  0.404 0.269 0.327 0.082 0.056 0.861
   135 64465 18446 12893  5612    50  0.404 0.269 0.327 0.081 0.056 0.863
   140 64312 18502 12799  5669    50  0.407 0.269 0.324 0.081 0.055 0.864
   145 64332 18582 12721  5648    50  0.407 0.268 0.324 0.081 0.055 0.864
   150 64557 18146 12608  5585    50  0.410 0.267 0.323 0.082 0.055 0.864
   155 64495 18399 12877  5532    50  0.412 0.267 0.321 0.082 0.054 0.864
   160 64388 18393 12632  5644    50  0.413 0.265 0.323 0.082 0.054 0.863
   165 64299 18454 12891  5516    50  0.412 0.264 0.323 0.083 0.055 0.863
   170 64288 18493 12828  5504    50  0.416 0.264 0.320 0.083 0.055 0.862
   175 64315 18142 12731  5567    50  0.416 0.264 0.320 0.083 0.055 0.862
   180 64272 18478 12773  5595    50  0.417 0.264 0.319 0.084 0.055 0.861
   185 64467 18349 12837  5616    50  0.416 0.263 0.320 0.084 0.055 0.861
   190 64298 18239 13013  5524    50  0.418 0.262 0.321 0.084 0.054 0.862
   195 64084 18182 12874  5392    50  0.419 0.260 0.321 0.084 0.054 0.863
   200 64420 18175 12678  5743    50  0.421 0.260 0.319 0.085 0.054 0.861
   205 64027 18312 12804  5538    50  0.420 0.258 0.321 0.084 0.053 0.863
   210 64008 18375 12951  5437    50  0.421 0.257 0.322 0.083 0.052 0.864
   215 64263 18262 12888  5467    50  0.423 0.256 0.321 0.086 0.054 0.861
   220 63764 18416 12715  5364    50  0.424 0.256 0.320 0.087 0.054 0.859
   225 63946 18419 12928  5396    50  0.424 0.256 0.320 0.088 0.055 0.857
   230 64270 18240 12952  5420    50  0.425 0.256 0.319 0.089 0.056 0.855
   235 64108 18406 12765  5510    50  0.425 0.256 0.319 0.092 0.057 0.851
   240 63934 18598 12881  5440    50  0.425 0.255 0.320 0.092 0.057 0.851
   245 64192 18361 12690  5453    50  0.428 0.255 0.317 0.093 0.057 0.850
   250 64046 18506 12772  5393    50  0.425 0.253 0.321 0.095 0.058 0.847
   255 64017 18263 12968  5416    50  0.427 0.253 0.320 0.098 0.059 0.843
   260 63875 18493 12876  5451    50  0.430 0.252 0.318 0.098 0.059 0.843
   265 64206 18254 12960  5392    50  0.431 0.253 0.316 0.099 0.060 0.841
   270 64212 18387 12668  5452    50  0.430 0.252 0.318 0.100 0.059 0.841
   275 64173 18259 12961  5467    50  0.429 0.250 0.321 0.100 0.059 0.841
   280 64086 18304 12783  5363    50  0.430 0.250 0.320 0.102 0.060 0.838
   285 64096 18214 12948  5500    50  0.430 0.248 0.322 0.103 0.061 0.836
   290 63717 18481 12905  5425    50  0.429 0.247 0.324 0.105 0.062 0.834
   295 64074 18392 12961  5437    50  0.429 0.246 0.324 0.107 0.062 0.832
   300 64065 18204 12841  5369    50  0.430 0.246 0.324 0.107 0.062 0.831
   305 63887 18328 12817  5425    50  0.428 0.246 0.326 0.109 0.062 0.829
   310 64049 18227 12998  5357    50  0.429 0.245 0.326 0.110 0.062 0.828
   315 63856 18269 12883  5331    50  0.427 0.244 0.330 0.109 0.062 0.829
   320 63860 18270 12986  5302    50  0.427 0.242 0.330 0.109 0.062 0.829
   325 63752 18385 12834  5346    50  0.429 0.243 0.329 0.109 0.062 0.829
   330 63589 18318 12765  5343    50  0.428 0.240 0.331 0.111 0.063 0.827
   335 63521 18333 12932  5365    50  0.428 0.240 0.331 0.111 0.063 0.826
   340 63950 18222 12966  5260    50  0.430 0.240 0.329 0.108 0.061 0.831
   345 63813 18256 13041  5251    50  0.428 0.238 0.333 0.107 0.061 0.832
   350 63702 18339 12878  5264    50  0.429 0.239 0.332 0.107 0.061 0.831
   355 63368 18390 13077  5215    50  0.428 0.239 0.333 0.106 0.060 0.834
   360 63734 18180 12780  5313    50  0.429 0.237 0.334 0.108 0.061 0.831
   365 63740 18178 13042  5215    50  0.428 0.236 0.336 0.109 0.060 0.831
   370 63586 18080 12972  5224    50  0.429 0.235 0.336 0.112 0.061 0.827
   375 63494 18376 13083  5173    50  0.430 0.234 0.336 0.112 0.061 0.826
   380 63425 18306 13119  5257    50  0.431 0.234 0.336 0.113 0.062 0.825
   385 63484 18487 12949  5222    50  0.432 0.234 0.335 0.115 0.062 0.823
   390 63512 18216 12981  5207    50  0.432 0.232 0.336 0.116 0.063 0.821
   395 63414 18075 12994  5135    50  0.434 0.231 0.335 0.117 0.063 0.819
   400 63662 18186 12950  5313    50  0.433 0.231 0.336 0.118 0.064 0.818
   405 63619 18240 13111  5169    50  0.434 0.230 0.336 0.120 0.064 0.816
   410 63785 18031 12861  5131    50  0.433 0.229 0.337 0.118 0.063 0.819
   415 63345 18082 12888  5177    50  0.432 0.228 0.341 0.118 0.063 0.819
   420 63508 18213 13195  5104    50  0.432 0.227 0.341 0.118 0.063 0.819
   425 63451 18141 13271  5176    50  0.432 0.225 0.343 0.119 0.063 0.818
   430 63520 18163 13040  5177    50  0.430 0.224 0.345 0.118 0.062 0.819
   435 63618 18045 13205  5042    50  0.432 0.224 0.344 0.118 0.062 0.820
   440 63205 18117 13269  5065    50  0.432 0.223 0.346 0.119 0.062 0.819
   445 63104 18198 13102  5042    50  0.432 0.222 0.346 0.122 0.063 0.816
   450 63374 18139 13026  5037    50  0.433 0.221 0.346 0.121 0.063 0.817
   455 63339 18197 13072  4996    50  0.435 0.220 0.345 0.124 0.064 0.812
   460 63281 18059 12971  5065    50  0.433 0.219 0.348 0.123 0.064 0.813
   465 63301 18037 13060  4919    50  0.433 0.219 0.348 0.123 0.063 0.814
   470 63459 17966 13341  4964    50  0.431 0.218 0.351 0.122 0.061 0.817
   475 63169 18213 13064  4876    50  0.432 0.218 0.350 0.121 0.060 0.819
   480 62940 18041 13185  4893    50  0.431 0.216 0.353 0.120 0.060 0.820
   485 63016 18126 13091  4957    50  0.432 0.215 0.353 0.121 0.059 0.819
   490 63027 18119 13253  4869    50  0.433 0.214 0.352 0.122 0.059 0.819
   495 62979 18193 13368  4870    50  0.433 0.214 0.353 0.124 0.060 0.817
   500 62890 18286 13195  4962    50  0.434 0.213 0.353 0.127 0.061 0.812
   505 63072 18108 13199  4840    50  0.434 0.212 0.353 0.127 0.061 0.812
   510 63253 17899 13441  5008    50  0.436 0.212 0.353 0.127 0.060 0.813
   515 63039 18160 13332  4866    50  0.436 0.211 0.353 0.130 0.061 0.809
   520 62682 18083 13132  4836    50  0.436 0.210 0.353 0.131 0.061 0.808
   525 63009 17983 13133  4838    50  0.437 0.210 0.353 0.131 0.062 0.808
   530 62896 17998 13203  4941    50  0.436 0.208 0.355 0.133 0.062 0.806
   535 62800 18164 13343  4823    50  0.436 0.208 0.355 0.131 0.061 0.808
   540 62802 18101 13261  4715    50  0.438 0.207 0.354 0.133 0.062 0.805
   545 62911 18045 13221  4823    50  0.439 0.207 0.353 0.134 0.061 0.805
   550 62681 18081 13101  4741    50  0.441 0.207 0.352 0.135 0.061 0.804
   555 62981 18143 13115  4940    50  0.441 0.207 0.353 0.139 0.063 0.798
   560 62798 18037 13145  4823    50  0.442 0.206 0.352 0.140 0.063 0.798
   565 62962 18111 13216  4853    50  0.443 0.204 0.353 0.141 0.063 0.796
   570 62550 18108 13395  4746    50  0.441 0.203 0.356 0.140 0.062 0.798
   575 62790 17911 13293  4839    50  0.443 0.203 0.355 0.140 0.062 0.799
   580 62689 17857 13023  4787    50  0.443 0.202 0.355 0.140 0.061 0.799
   585 62593 18032 13157  4703    50  0.443 0.200 0.357 0.142 0.061 0.796
   590 62643 17882 13214  4700    50  0.443 0.201 0.356 0.141 0.061 0.799
   595 62527 17862 13212  4639    50  0.446 0.199 0.355 0.141 0.060 0.799
   600 62663 18023 13419  4684    50  0.446 0.198 0.356 0.143 0.060 0.797
   605 62499 17916 13270  4627    50  0.447 0.198 0.355 0.142 0.060 0.798
   610 62768 18031 13327  4617    50  0.447 0.197 0.356 0.144 0.060 0.796
   615 62315 18018 13370  4557    49  0.447 0.196 0.357 0.144 0.059 0.797
   620 62411 17988 13368  4596    49  0.448 0.195 0.357 0.145 0.059 0.796
   625 62144 17919 13432  4516    49  0.448 0.195 0.358 0.146 0.059 0.795
   630 62352 18084 13283  4643    49  0.449 0.194 0.358 0.149 0.060 0.792
   635 62449 17931 13352  4654    49  0.449 0.194 0.358 0.150 0.060 0.791
   640 62455 17745 13362  4687    49  0.449 0.193 0.358 0.151 0.060 0.789
   645 62411 17943 13383  4565    49  0.449 0.192 0.359 0.153 0.061 0.787
   650 62339 17975 13411  4580    49  0.449 0.192 0.359 0.154 0.061 0.785
   655 62459 17925 13354  4539    49  0.449 0.191 0.360 0.152 0.060 0.788
   660 62477 17774 13515  4557    49  0.450 0.191 0.359 0.154 0.061 0.785
   665 62271 18017 13435  4490    49  0.450 0.191 0.359 0.152 0.060 0.788
   670 62065 17969 13230  4589    49  0.449 0.191 0.360 0.154 0.060 0.786
   675 62286 18111 13257  4624    49  0.449 0.191 0.360 0.155 0.060 0.785
   680 62278 17987 13463  4621    49  0.448 0.190 0.362 0.157 0.061 0.783
   685 62551 17741 13453  4559    49  0.450 0.189 0.361 0.160 0.061 0.779
   690 62515 17646 13244  4513    49  0.451 0.189 0.360 0.160 0.062 0.778
   695 62184 17952 13398  4454    49  0.452 0.188 0.360 0.161 0.061 0.779
   700 62272 18007 13498  4511    49  0.453 0.187 0.361 0.163 0.061 0.776
   705 62348 17967 13352  4533    49  0.452 0.186 0.362 0.163 0.061 0.776
   710 62188 18064 13335  4542    49  0.453 0.186 0.361 0.164 0.062 0.775
   715 62371 17834 13511  4463    49  0.451 0.186 0.363 0.164 0.061 0.774
   720 62300 17504 13390  4452    49  0.452 0.186 0.362 0.166 0.061 0.772
   725 62345 17927 13459  4487    49  0.453 0.185 0.362 0.167 0.061 0.771
   730 62473 17746 13471  4298    49  0.454 0.184 0.362 0.167 0.060 0.773
   735 62085 17889 13506  4483    49  0.455 0.184 0.362 0.168 0.060 0.772
   740 61958 17825 13395  4527    49  0.455 0.183 0.363 0.167 0.059 0.773
   745 61963 17936 13366  4431    49  0.456 0.183 0.361 0.168 0.059 0.773
   750 62073 17908 13550  4374    49  0.457 0.183 0.360 0.169 0.059 0.773
   755 61976 17783 13490  4323    48  0.455 0.182 0.363 0.171 0.059 0.770
   760 62039 17994 13282  4460    48  0.454 0.182 0.364 0.170 0.059 0.771
   765 62221 17774 13596  4358    48  0.455 0.182 0.364 0.170 0.058 0.772
   770 62184 18094 13478  4466    48  0.455 0.181 0.364 0.172 0.059 0.769
   775 61816 17841 13596  4268    48  0.456 0.181 0.363 0.171 0.058 0.771
   780 61988 17961 13470  4456    48  0.455 0.179 0.365 0.174 0.058 0.768
   785 61783 17738 13331  4261    48  0.457 0.179 0.364 0.173 0.057 0.770
   790 61992 17626 13593  4356    48  0.456 0.179 0.366 0.173 0.058 0.769
   795 62056 17859 13536  4300    48  0.458 0.178 0.364 0.174 0.057 0.769
   800 61716 18093 13533  4369    48  0.459 0.178 0.363 0.174 0.058 0.768
   805 61756 17863 13414  4319    48  0.458 0.177 0.365 0.175 0.057 0.767
   810 61932 17822 13609  4270    48  0.457 0.176 0.367 0.174 0.057 0.769
   815 61823 17777 13588  4348    48  0.459 0.176 0.366 0.176 0.057 0.767
   820 61661 17829 13524  4408    48  0.458 0.175 0.367 0.178 0.058 0.765
   825 61812 17748 13552  4299    48  0.459 0.175 0.366 0.179 0.058 0.763
   830 61832 17895 13703  4271    48  0.459 0.175 0.366 0.179 0.057 0.764
   835 61239 17899 13477  4266    47  0.460 0.174 0.366 0.179 0.058 0.763
   840 61551 17802 13684  4186    47  0.459 0.174 0.367 0.180 0.056 0.764
   845 61618 17798 13473  4182    47  0.460 0.173 0.367 0.183 0.058 0.759
   850 61883 17680 13386  4274    47  0.460 0.173 0.368 0.184 0.058 0.758
   855 61759 17802 13718  4175    47  0.462 0.173 0.366 0.182 0.057 0.762
   860 61773 17605 13550  4255    47  0.461 0.171 0.368 0.180 0.057 0.763
   865 61745 17608 13627  4174    47  0.462 0.172 0.366 0.183 0.058 0.760
   870 61692 17814 13613  4289    47  0.463 0.172 0.366 0.184 0.058 0.759
   875 61947 17829 13552  4159    47  0.464 0.171 0.365 0.184 0.058 0.758
   880 61643 17751 13707  4141    47  0.465 0.171 0.365 0.186 0.058 0.756
   885 61615 17709 13700  4157    47  0.464 0.170 0.366 0.184 0.058 0.758
   890 61604 17863 13691  4257    47  0.463 0.169 0.368 0.186 0.059 0.755
   895 61389 17899 13577  4054    47  0.464 0.169 0.368 0.186 0.059 0.755
   900 61780 17738 13463  4321    47  0.464 0.169 0.366 0.185 0.058 0.757
   905 61516 17653 13569  4110    47  0.465 0.168 0.367 0.184 0.058 0.758
   910 61521 17892 13555  4103    47  0.465 0.168 0.368 0.183 0.057 0.760
   915 61479 17932 13744  4097    46  0.464 0.167 0.368 0.182 0.056 0.762
   920 61204 17789 13510  4107    46  0.465 0.167 0.368 0.182 0.057 0.762
   925 61351 17745 13691  4115    46  0.466 0.167 0.367 0.180 0.056 0.764
   930 61415 17728 13483  4081    46  0.465 0.167 0.368 0.179 0.055 0.766
   935 61480 17820 13489  4213    46  0.465 0.166 0.369 0.179 0.055 0.766
   940 61536 17889 13604  4124    45  0.465 0.166 0.369 0.178 0.056 0.766
   945 61607 17806 13602  4228    45  0.467 0.166 0.368 0.178 0.055 0.767
   950 61215 17912 13459  4039    45  0.467 0.165 0.368 0.180 0.056 0.764
   955 61436 17796 13648  4062    45  0.467 0.165 0.368 0.179 0.056 0.766
   960 61461 17742 13676  4029    44  0.467 0.164 0.369 0.177 0.055 0.768
   965 61579 17713 13742  3944    44  0.467 0.164 0.369 0.178 0.056 0.766
   970 61396 17853 13679  4144    44  0.467 0.164 0.369 0.179 0.056 0.766
   975 61443 17743 13612  4084    44  0.468 0.163 0.369 0.180 0.056 0.765
   980 61217 17751 13648  4108    44  0.468 0.163 0.368 0.179 0.056 0.765
   985 61551 17654 13805  4038    44  0.467 0.163 0.369 0.181 0.056 0.763
   990 61536 17791 13602  3958    43  0.469 0.163 0.368 0.180 0.057 0.763
   995 61573 17709 13752  3994    43  0.469 0.163 0.369 0.180 0.057 0.763
  1000 61525 17500 13622  4053    43  0.467 0.161 0.371 0.179 0.056 0.765
