 nmt =               50
 dmf =      T
 dff =      F
 vgr =       0.200000003    
 lde =       0.949999988    
 theta =     0.500000000    
 sigma =     0.500000000    
 ssr =                1
 dr =        0.300000012    
 mr =         9.99999978E-03
 spdispr =           30
 gs =               300
 ini =            60000
 ngen =            1000
 Myseed =         84563
 nmap =            1000
 Gen nind ndea nveg nspo num_mat veg_1 spo_1 mat_1 veg_2 spo_2 mat_2
     0 60000     0     0     0    50  0.334 0.332 0.334   NaN   NaN   NaN
     5 59916 16351  6918  9577    50  0.324 0.339 0.337 0.242 0.235 0.522
    10 59489 16204  6899  9244    50  0.300 0.330 0.370 0.214 0.211 0.576
    15 58627 16045  7066  8808    50  0.280 0.319 0.401 0.189 0.190 0.621
    20 57187 15720  7110  8406    50  0.266 0.305 0.429 0.168 0.171 0.661
    25 56086 15499  7446  8033    50  0.254 0.295 0.450 0.149 0.155 0.696
    30 55370 15242  7500  7748    50  0.246 0.288 0.466 0.136 0.141 0.723
    35 54521 15123  7505  7472    50  0.240 0.281 0.479 0.124 0.132 0.744
    40 53814 14935  7516  7233    50  0.235 0.276 0.488 0.116 0.122 0.762
    45 53231 14965  7698  7049    50  0.233 0.276 0.491 0.106 0.113 0.781
    50 52994 14824  7699  6945    50  0.232 0.276 0.492 0.101 0.109 0.790
    55 53368 14706  7785  7009    50  0.231 0.280 0.489 0.095 0.104 0.802
    60 53230 14597  7799  6978    50  0.231 0.284 0.485 0.090 0.100 0.810
    65 53092 14860  7633  7170    50  0.231 0.292 0.476 0.086 0.098 0.816
    70 53667 14790  7783  7182    50  0.231 0.297 0.472 0.084 0.095 0.821
    75 53878 14835  7691  7282    50  0.232 0.302 0.467 0.079 0.093 0.828
    80 53898 15062  7684  7195    50  0.231 0.304 0.465 0.076 0.091 0.833
    85 53467 14936  7597  7101    50  0.233 0.307 0.461 0.073 0.088 0.838
    90 53514 14959  7718  7297    50  0.233 0.307 0.461 0.071 0.087 0.842
    95 53701 14893  7589  7200    50  0.232 0.309 0.459 0.070 0.085 0.845
   100 53878 15021  7711  7365    50  0.231 0.308 0.461 0.068 0.084 0.847
   105 53582 14959  7577  7276    50  0.232 0.313 0.456 0.067 0.082 0.852
   110 53555 14905  7687  7292    50  0.230 0.313 0.456 0.065 0.081 0.854
   115 53728 14776  7681  7256    50  0.231 0.314 0.455 0.066 0.082 0.852
   120 53417 14921  7558  7237    50  0.231 0.316 0.454 0.064 0.081 0.855
   125 54067 14803  7577  7404    50  0.229 0.316 0.455 0.063 0.081 0.856
   130 53919 14920  7564  7369    50  0.228 0.318 0.454 0.062 0.080 0.858
   135 54139 15019  7615  7382    50  0.227 0.318 0.456 0.063 0.083 0.855
   140 54290 15100  7649  7518    50  0.227 0.319 0.454 0.062 0.083 0.855
   145 54140 15003  7610  7258    50  0.226 0.320 0.454 0.059 0.080 0.861
   150 54327 14979  7566  7437    50  0.225 0.318 0.456 0.059 0.080 0.861
   155 53955 14905  7726  7388    50  0.224 0.319 0.457 0.058 0.080 0.862
   160 54244 14961  7599  7356    50  0.224 0.318 0.459 0.058 0.079 0.863
   165 54116 14922  7641  7460    50  0.222 0.316 0.462 0.058 0.081 0.861
   170 53803 15010  7527  7364    50  0.220 0.315 0.465 0.057 0.079 0.864
   175 53824 15154  7592  7292    50  0.219 0.315 0.466 0.056 0.078 0.867
   180 53941 15035  7680  7328    50  0.220 0.316 0.464 0.057 0.080 0.863
   185 53888 14995  7585  7303    50  0.218 0.312 0.470 0.056 0.080 0.864
   190 53463 14974  7568  7175    50  0.216 0.312 0.472 0.055 0.080 0.865
   195 53692 14884  7625  7194    50  0.215 0.311 0.474 0.055 0.080 0.865
   200 53491 15042  7728  7203    50  0.214 0.311 0.475 0.054 0.078 0.867
   205 53476 14976  7749  7292    50  0.212 0.309 0.478 0.055 0.079 0.866
   210 53595 14835  7677  7242    50  0.211 0.309 0.480 0.054 0.079 0.867
   215 53481 14920  7612  7182    50  0.211 0.309 0.481 0.053 0.078 0.869
   220 53497 14995  7653  7196    50  0.210 0.309 0.481 0.054 0.079 0.868
   225 53792 14803  7769  7122    50  0.208 0.307 0.485 0.053 0.079 0.868
   230 52969 14968  7734  7152    50  0.206 0.303 0.491 0.052 0.077 0.871
   235 53278 15084  7732  7006    50  0.204 0.303 0.492 0.051 0.076 0.873
   240 53352 14751  7748  7187    50  0.204 0.303 0.493 0.051 0.076 0.872
   245 53197 14856  7766  6971    50  0.203 0.302 0.495 0.051 0.077 0.872
   250 53030 14812  7683  7034    50  0.202 0.300 0.498 0.050 0.075 0.874
   255 53016 14571  7761  6986    50  0.200 0.299 0.501 0.050 0.075 0.876
   260 53036 14628  7824  6959    50  0.200 0.299 0.501 0.049 0.074 0.877
   265 52748 14681  7806  7014    50  0.198 0.296 0.506 0.050 0.075 0.875
   270 52964 14651  7708  6910    50  0.198 0.294 0.508 0.048 0.072 0.879
   275 52681 14559  7769  6843    50  0.196 0.292 0.513 0.047 0.071 0.881
   280 52623 14629  7833  6917    50  0.194 0.290 0.516 0.048 0.071 0.881
   285 52321 14586  7649  6766    50  0.193 0.287 0.520 0.047 0.071 0.882
   290 52137 14564  7930  6760    50  0.193 0.286 0.520 0.046 0.070 0.883
   295 52525 14369  7808  6763    50  0.193 0.286 0.520 0.046 0.070 0.884
   300 51906 14610  7788  6637    50  0.193 0.286 0.520 0.047 0.069 0.884
   305 52063 14478  7902  6741    50  0.192 0.285 0.523 0.048 0.072 0.880
   310 52176 14507  7818  6761    50  0.190 0.283 0.526 0.049 0.073 0.878
   315 52057 14509  7815  6760    50  0.190 0.282 0.529 0.048 0.072 0.881
   320 51942 14692  7847  6613    50  0.189 0.280 0.532 0.048 0.072 0.880
   325 51969 14420  7872  6682    50  0.189 0.280 0.531 0.048 0.073 0.879
   330 51894 14611  7825  6530    50  0.188 0.279 0.533 0.048 0.073 0.879
   335 51696 14387  7861  6646    50  0.187 0.279 0.534 0.047 0.071 0.882
   340 51684 14560  8006  6495    50  0.187 0.279 0.534 0.046 0.070 0.884
   345 51969 14511  7948  6581    50  0.187 0.278 0.535 0.047 0.071 0.882
   350 51749 14580  8032  6509    50  0.185 0.274 0.541 0.047 0.070 0.883
   355 51574 14356  8038  6440    50  0.184 0.273 0.543 0.048 0.071 0.881
   360 51360 14567  7933  6437    50  0.184 0.273 0.544 0.048 0.071 0.882
   365 51462 14272  7809  6482    50  0.183 0.271 0.546 0.047 0.071 0.882
   370 51209 14535  7950  6544    50  0.182 0.270 0.547 0.047 0.070 0.883
   375 51235 14348  7965  6467    50  0.182 0.270 0.548 0.047 0.070 0.883
   380 51068 14345  7846  6292    50  0.181 0.267 0.552 0.046 0.069 0.885
   385 50933 14362  7962  6386    50  0.181 0.267 0.551 0.046 0.069 0.885
   390 51429 14263  7929  6354    50  0.181 0.266 0.554 0.046 0.069 0.885
   395 51433 14219  7953  6396    50  0.180 0.265 0.555 0.046 0.068 0.886
   400 50712 14413  7932  6203    50  0.179 0.263 0.558 0.046 0.069 0.884
   405 51108 14328  7954  6213    50  0.179 0.263 0.559 0.046 0.068 0.886
   410 51140 14330  7975  6228    50  0.178 0.262 0.559 0.047 0.070 0.883
   415 50776 14217  8104  6182    50  0.178 0.261 0.561 0.046 0.068 0.886
   420 51008 14148  7987  6292    50  0.177 0.260 0.563 0.047 0.070 0.882
   425 51011 14220  7970  6238    50  0.177 0.260 0.564 0.047 0.070 0.883
   430 50917 14108  7978  6241    50  0.176 0.259 0.566 0.047 0.071 0.881
   435 50912 14259  8032  6202    50  0.176 0.259 0.566 0.046 0.070 0.884
   440 50568 14162  8032  6243    50  0.175 0.258 0.568 0.047 0.070 0.883
   445 50587 14331  7926  6264    50  0.173 0.257 0.570 0.047 0.071 0.882
   450 50586 14189  8035  6157    50  0.173 0.256 0.572 0.047 0.070 0.883
   455 50781 14032  8146  6243    50  0.172 0.254 0.574 0.046 0.069 0.885
   460 50359 13974  8137  6153    50  0.171 0.253 0.576 0.045 0.068 0.887
   465 50529 14113  8016  6084    50  0.170 0.251 0.580 0.045 0.067 0.887
   470 50351 14093  7943  6236    50  0.170 0.250 0.581 0.046 0.068 0.887
   475 49838 14086  8060  5970    50  0.169 0.248 0.583 0.045 0.067 0.888
   480 50092 13936  8091  5975    50  0.169 0.248 0.583 0.046 0.069 0.885
   485 50595 14028  8152  6036    50  0.169 0.247 0.585 0.047 0.069 0.884
   490 50247 14026  8191  5959    50  0.168 0.246 0.586 0.046 0.068 0.886
   495 50122 13920  8159  5997    50  0.169 0.247 0.584 0.045 0.067 0.888
   500 50045 14005  8043  5981    50  0.167 0.245 0.588 0.044 0.067 0.889
   505 49721 14284  8024  5867    50  0.166 0.244 0.589 0.045 0.067 0.888
   510 49929 14005  8028  5882    50  0.166 0.243 0.591 0.045 0.068 0.887
   515 49934 13944  8262  5883    50  0.165 0.242 0.592 0.046 0.068 0.886
   520 49877 13967  8049  5911    50  0.165 0.241 0.594 0.047 0.070 0.883
   525 49694 14135  7970  5941    50  0.164 0.240 0.596 0.047 0.070 0.884
   530 50059 13819  8042  5993    50  0.164 0.240 0.596 0.047 0.070 0.883
   535 49657 13910  8033  5841    50  0.164 0.239 0.597 0.048 0.071 0.882
   540 49219 13883  8026  5712    50  0.164 0.239 0.597 0.047 0.070 0.884
   545 49645 13849  8157  5820    50  0.164 0.239 0.597 0.047 0.070 0.883
   550 49373 14060  8116  5817    50  0.164 0.238 0.598 0.046 0.069 0.885
   555 49476 13890  8244  5800    50  0.163 0.237 0.600 0.047 0.069 0.884
   560 49441 13889  8121  5688    50  0.162 0.234 0.604 0.046 0.067 0.887
   565 49162 14003  8200  5648    50  0.162 0.234 0.604 0.045 0.067 0.888
   570 49293 13942  8134  5645    50  0.162 0.233 0.605 0.045 0.067 0.887
   575 48985 13940  7913  5693    50  0.162 0.232 0.607 0.046 0.068 0.886
   580 49020 14090  8162  5684    50  0.162 0.231 0.607 0.045 0.067 0.888
   585 49017 13700  8193  5581    50  0.160 0.230 0.610 0.045 0.067 0.887
   590 49615 13750  8257  5793    50  0.160 0.229 0.611 0.046 0.068 0.886
   595 49289 13911  8142  5610    50  0.160 0.229 0.611 0.046 0.067 0.887
   600 49328 13753  8031  5598    50  0.160 0.228 0.613 0.046 0.067 0.887
   605 48900 13720  8117  5638    50  0.159 0.226 0.615 0.045 0.066 0.889
   610 48885 13880  8137  5569    50  0.158 0.225 0.616 0.046 0.067 0.887
   615 48815 13496  8186  5567    50  0.158 0.224 0.618 0.047 0.067 0.886
   620 49064 13687  8271  5550    50  0.159 0.225 0.616 0.046 0.067 0.888
   625 48965 13828  8214  5546    49  0.158 0.224 0.619 0.046 0.067 0.887
   630 48852 13585  8236  5573    49  0.157 0.221 0.622 0.047 0.068 0.886
   635 48353 13663  8315  5500    49  0.157 0.221 0.622 0.046 0.067 0.887
   640 48806 13704  8249  5488    49  0.157 0.222 0.621 0.046 0.067 0.887
   645 48600 13804  8144  5526    49  0.156 0.221 0.624 0.046 0.067 0.888
   650 48539 13641  8165  5442    49  0.155 0.220 0.625 0.046 0.067 0.887
   655 48328 13925  8047  5389    49  0.154 0.218 0.628 0.045 0.065 0.890
   660 48406 13562  8319  5421    49  0.155 0.218 0.627 0.045 0.065 0.890
   665 48765 13769  8411  5380    48  0.155 0.218 0.627 0.045 0.065 0.891
   670 48634 13716  8288  5464    48  0.155 0.217 0.629 0.046 0.065 0.889
   675 48321 13648  8322  5472    48  0.155 0.216 0.630 0.046 0.066 0.888
   680 48378 13695  8251  5311    48  0.154 0.215 0.631 0.046 0.066 0.888
   685 48355 13709  8151  5393    48  0.154 0.214 0.632 0.046 0.066 0.887
   690 48253 13712  8206  5371    48  0.154 0.214 0.631 0.047 0.066 0.888
   695 48368 13648  8383  5370    48  0.154 0.214 0.633 0.045 0.064 0.892
   700 48120 13538  8292  5264    48  0.153 0.212 0.635 0.045 0.064 0.891
   705 48016 13497  8312  5340    48  0.154 0.212 0.634 0.045 0.065 0.890
   710 48202 13533  8356  5259    48  0.154 0.211 0.635 0.045 0.065 0.890
   715 47954 13581  8241  5295    48  0.153 0.210 0.637 0.045 0.064 0.891
   720 47923 13620  8387  5244    48  0.152 0.209 0.639 0.045 0.064 0.891
   725 48115 13696  8440  5148    48  0.151 0.208 0.641 0.045 0.064 0.891
   730 47826 13552  8294  5219    48  0.151 0.208 0.641 0.044 0.063 0.893
   735 47727 13571  8405  5191    48  0.152 0.208 0.640 0.045 0.063 0.892
   740 47825 13432  8324  5277    48  0.151 0.208 0.641 0.045 0.063 0.892
   745 47612 13537  8329  5090    48  0.150 0.205 0.645 0.045 0.064 0.891
   750 47905 13328  8311  5268    48  0.150 0.205 0.645 0.045 0.064 0.891
   755 47761 13509  8317  5218    48  0.150 0.204 0.646 0.045 0.063 0.892
   760 47591 13392  8359  5179    48  0.149 0.203 0.648 0.045 0.063 0.892
   765 47828 13328  8332  5056    48  0.150 0.203 0.647 0.045 0.063 0.892
   770 47517 13463  8484  5125    48  0.150 0.202 0.648 0.045 0.062 0.893
   775 47572 13509  8432  5077    48  0.149 0.201 0.650 0.045 0.062 0.893
   780 47581 13440  8337  5035    48  0.149 0.201 0.650 0.046 0.063 0.891
   785 47794 13422  8396  5118    48  0.149 0.202 0.650 0.045 0.063 0.892
   790 47391 13429  8418  5005    48  0.148 0.200 0.651 0.045 0.062 0.893
   795 47131 13227  8261  5067    48  0.149 0.201 0.651 0.045 0.062 0.892
   800 47102 13351  8290  4987    48  0.147 0.199 0.654 0.046 0.062 0.892
   805 47466 13327  8300  4974    48  0.147 0.199 0.654 0.046 0.062 0.892
   810 47177 13530  8344  5087    48  0.148 0.199 0.653 0.046 0.062 0.893
   815 47337 13284  8359  5010    48  0.148 0.199 0.653 0.045 0.062 0.893
   820 47377 13453  8291  4959    48  0.148 0.198 0.654 0.045 0.061 0.894
   825 47337 13388  8539  4998    48  0.147 0.197 0.657 0.046 0.062 0.892
   830 47075 13551  8302  4942    48  0.146 0.196 0.657 0.047 0.064 0.890
   835 47381 13552  8362  5004    47  0.146 0.195 0.659 0.046 0.064 0.890
   840 47380 13234  8450  5060    47  0.145 0.193 0.661 0.046 0.063 0.891
   845 47010 13552  8357  4907    47  0.146 0.194 0.661 0.046 0.063 0.890
   850 47107 13226  8489  4958    47  0.145 0.193 0.662 0.047 0.064 0.889
   855 47584 13306  8478  4960    47  0.145 0.192 0.663 0.046 0.063 0.891
   860 47470 13164  8428  4914    47  0.146 0.193 0.662 0.046 0.062 0.892
   865 46994 13424  8350  4927    47  0.145 0.192 0.663 0.046 0.062 0.892
   870 46299 13295  8440  4720    47  0.145 0.191 0.664 0.045 0.061 0.893
   875 46733 13217  8268  4900    47  0.145 0.191 0.663 0.046 0.062 0.892
   880 46768 13401  8424  4827    47  0.145 0.191 0.664 0.047 0.063 0.890
   885 46936 13268  8325  4982    47  0.145 0.191 0.664 0.046 0.062 0.891
   890 46679 13259  8440  4653    47  0.145 0.190 0.666 0.045 0.061 0.894
   895 46851 13162  8341  4797    47  0.143 0.188 0.668 0.046 0.062 0.893
   900 46830 13194  8361  4808    47  0.143 0.188 0.669 0.046 0.062 0.893
   905 46664 12955  8447  4759    47  0.144 0.188 0.669 0.046 0.062 0.893
   910 46819 13150  8592  4787    46  0.144 0.188 0.668 0.046 0.062 0.892
   915 46808 13369  8472  4758    46  0.144 0.188 0.668 0.046 0.062 0.893
   920 46666 13103  8356  4818    46  0.144 0.187 0.669 0.045 0.061 0.893
   925 46979 13294  8424  4791    46  0.144 0.187 0.670 0.046 0.062 0.892
   930 46765 13203  8489  4787    46  0.144 0.187 0.669 0.046 0.062 0.893
   935 46785 13356  8441  4926    46  0.144 0.187 0.669 0.046 0.062 0.893
   940 46662 13423  8539  4863    46  0.144 0.187 0.668 0.046 0.062 0.892
   945 46730 13118  8424  4736    46  0.143 0.186 0.671 0.046 0.062 0.893
   950 46830 13333  8431  4778    46  0.143 0.186 0.671 0.046 0.061 0.893
   955 46507 13217  8436  4758    45  0.143 0.185 0.673 0.046 0.062 0.892
   960 46713 13224  8548  4750    45  0.143 0.185 0.672 0.047 0.063 0.889
   965 46693 13223  8376  4794    45  0.142 0.185 0.672 0.047 0.063 0.890
   970 46678 13211  8647  4890    45  0.142 0.185 0.673 0.047 0.063 0.890
   975 46450 13190  8349  4777    45  0.142 0.184 0.673 0.048 0.063 0.890
   980 46200 13209  8448  4684    45  0.142 0.183 0.675 0.047 0.062 0.892
   985 46681 12982  8504  4679    45  0.142 0.183 0.675 0.046 0.061 0.893
   990 46240 13169  8398  4705    45  0.141 0.182 0.677 0.046 0.060 0.894
   995 46440 13282  8600  4674    45  0.141 0.181 0.677 0.046 0.060 0.894
  1000 46232 13183  8495  4697    45  0.142 0.182 0.677 0.047 0.062 0.891
