 nmt =               50
 dmf =      T
 dff =      F
 vgr =       0.400000006    
 lde =       0.949999988    
 theta =     0.500000000    
 sigma =     0.500000000    
 ssr =                1
 dr =        0.300000012    
 mr =         9.99999978E-03
 spdispr =           30
 gs =               300
 ini =            60000
 ngen =            1000
 Myseed =         84563
 nmap =            1000
 Gen nind ndea nveg nspo num_mat veg_1 spo_1 mat_1 veg_2 spo_2 mat_2
     0 60000     0     0     0    50  0.334 0.333 0.333   NaN   NaN   NaN
     5 67890 19276 10486  8672    50  0.344 0.335 0.321 0.243 0.235 0.521
    10 67720 19089 10630  8213    50  0.333 0.321 0.346 0.220 0.207 0.573
    15 67028 18963 10640  7860    50  0.326 0.306 0.368 0.202 0.184 0.614
    20 66113 18507 10998  7425    50  0.320 0.295 0.385 0.185 0.163 0.651
    25 65642 18446 11115  7190    50  0.316 0.284 0.400 0.170 0.147 0.683
    30 64906 18335 11554  6783    50  0.316 0.275 0.409 0.157 0.132 0.711
    35 64263 18334 11536  6579    50  0.318 0.267 0.415 0.146 0.121 0.733
    40 63918 18063 11637  6361    50  0.321 0.263 0.416 0.138 0.110 0.752
    45 63335 18224 11669  6196    50  0.323 0.260 0.417 0.129 0.101 0.770
    50 63294 17968 11902  6194    50  0.328 0.258 0.414 0.122 0.094 0.783
    55 63142 17848 11858  6081    50  0.333 0.259 0.408 0.115 0.088 0.796
    60 62769 17868 11736  5921    50  0.339 0.260 0.401 0.108 0.082 0.809
    65 62958 17986 11793  5986    50  0.342 0.261 0.396 0.103 0.079 0.818
    70 62790 18087 12087  5902    50  0.349 0.263 0.388 0.099 0.076 0.825
    75 63178 17753 12145  5919    50  0.353 0.264 0.383 0.096 0.072 0.831
    80 63084 17943 12046  5957    50  0.359 0.267 0.375 0.094 0.070 0.836
    85 62655 17919 11781  5954    50  0.361 0.268 0.371 0.091 0.068 0.841
    90 63076 17867 12040  6037    50  0.364 0.269 0.367 0.088 0.066 0.846
    95 63118 17786 11820  5946    50  0.365 0.270 0.365 0.086 0.064 0.851
   100 63036 17752 11918  5853    50  0.370 0.271 0.359 0.083 0.062 0.855
   105 62928 17831 12036  5935    50  0.372 0.271 0.357 0.082 0.061 0.856
   110 62990 17761 11759  5923    50  0.373 0.271 0.355 0.080 0.060 0.860
   115 62780 18004 11949  5992    50  0.376 0.270 0.355 0.080 0.059 0.862
   120 62613 17995 12015  5916    50  0.378 0.271 0.351 0.078 0.058 0.864
   125 62832 17851 11888  5924    50  0.380 0.271 0.349 0.078 0.057 0.865
   130 62898 17625 11999  5883    50  0.381 0.270 0.348 0.078 0.057 0.865
   135 62843 17710 12053  5810    50  0.384 0.271 0.346 0.077 0.055 0.868
   140 62648 17879 12066  5900    50  0.385 0.270 0.345 0.077 0.054 0.869
   145 62531 17703 12102  5745    50  0.388 0.269 0.343 0.076 0.054 0.870
   150 62623 17885 11892  5858    50  0.389 0.269 0.342 0.076 0.054 0.870
   155 62329 18038 12075  5675    50  0.392 0.269 0.338 0.077 0.053 0.870
   160 62676 17671 12065  5873    50  0.392 0.269 0.339 0.077 0.053 0.869
   165 62448 17842 12176  5839    50  0.394 0.268 0.338 0.078 0.053 0.868
   170 62476 17756 11945  5812    50  0.396 0.268 0.336 0.079 0.055 0.866
   175 62433 18009 11876  5746    50  0.397 0.268 0.335 0.081 0.055 0.864
   180 62577 18085 12136  5775    50  0.397 0.268 0.335 0.081 0.056 0.864
   185 62660 17679 12069  5778    50  0.398 0.267 0.335 0.082 0.056 0.862
   190 62380 17923 12013  5738    50  0.398 0.266 0.336 0.081 0.056 0.864
   195 62452 17851 12024  5681    50  0.398 0.266 0.336 0.079 0.055 0.866
   200 62537 17538 12092  5617    50  0.396 0.264 0.340 0.080 0.055 0.865
   205 62586 17781 12162  5642    50  0.396 0.264 0.340 0.079 0.055 0.866
   210 62386 17828 12023  5716    50  0.396 0.263 0.341 0.078 0.054 0.868
   215 62480 17763 12115  5801    50  0.394 0.262 0.344 0.079 0.054 0.868
   220 62101 17763 12056  5621    50  0.395 0.262 0.343 0.080 0.054 0.865
   225 62386 17697 12169  5735    50  0.395 0.260 0.345 0.080 0.054 0.866
   230 62407 17698 11967  5702    50  0.395 0.259 0.346 0.080 0.054 0.866
   235 62146 17817 12161  5579    50  0.394 0.258 0.348 0.080 0.054 0.866
   240 62317 17906 12068  5624    50  0.394 0.257 0.349 0.081 0.054 0.865
   245 62193 17876 11983  5683    50  0.395 0.259 0.346 0.083 0.055 0.862
   250 62362 17738 11906  5762    50  0.394 0.258 0.349 0.082 0.055 0.863
   255 62556 17634 12124  5577    50  0.394 0.256 0.350 0.079 0.053 0.867
   260 62145 17725 12124  5580    50  0.395 0.256 0.349 0.080 0.054 0.866
   265 62437 17646 12104  5550    50  0.396 0.256 0.348 0.080 0.054 0.866
   270 62216 17692 12125  5574    50  0.396 0.255 0.349 0.080 0.054 0.866
   275 62277 17722 12322  5619    50  0.395 0.254 0.350 0.080 0.053 0.867
   280 62356 17823 12235  5760    50  0.394 0.253 0.353 0.081 0.054 0.865
   285 62284 17664 12119  5700    50  0.393 0.253 0.353 0.081 0.054 0.864
   290 61903 17905 12149  5569    50  0.393 0.252 0.355 0.084 0.056 0.861
   295 62285 17610 12213  5633    50  0.392 0.251 0.357 0.085 0.056 0.859
   300 62314 17647 12150  5551    50  0.394 0.251 0.355 0.084 0.056 0.860
   305 62119 17666 12182  5427    50  0.395 0.252 0.353 0.084 0.056 0.860
   310 62095 17731 12187  5527    50  0.392 0.250 0.357 0.083 0.056 0.861
   315 61771 17901 12151  5502    50  0.392 0.250 0.357 0.085 0.056 0.859
   320 61902 17597 11966  5533    50  0.391 0.250 0.360 0.084 0.056 0.860
   325 61905 17851 12175  5409    50  0.389 0.248 0.363 0.084 0.056 0.860
   330 62050 17635 12352  5379    50  0.390 0.249 0.362 0.085 0.056 0.859
   335 62208 17486 12128  5465    50  0.389 0.247 0.363 0.084 0.056 0.860
   340 62052 17566 12179  5447    50  0.390 0.247 0.363 0.085 0.056 0.859
   345 62029 17659 12226  5427    50  0.391 0.245 0.363 0.087 0.058 0.855
   350 61922 17843 12264  5456    50  0.392 0.246 0.363 0.087 0.057 0.856
   355 62112 17606 12230  5526    50  0.392 0.244 0.363 0.087 0.057 0.856
   360 61912 17681 12192  5380    50  0.393 0.243 0.363 0.089 0.058 0.853
   365 61879 17719 12181  5507    50  0.392 0.242 0.367 0.090 0.058 0.852
   370 61988 17605 12628  5427    50  0.393 0.241 0.367 0.090 0.058 0.852
   375 61905 17526 12367  5235    50  0.393 0.241 0.366 0.092 0.059 0.849
   380 62062 17573 12203  5512    50  0.393 0.240 0.367 0.092 0.060 0.849
   385 61826 17636 12307  5385    50  0.394 0.241 0.366 0.094 0.061 0.845
   390 62113 17696 12311  5410    50  0.394 0.240 0.365 0.094 0.061 0.845
   395 62171 17543 12168  5421    50  0.393 0.240 0.367 0.096 0.062 0.843
   400 61559 17640 12239  5344    50  0.394 0.240 0.366 0.093 0.060 0.847
   405 61730 17761 12189  5400    50  0.393 0.239 0.369 0.094 0.061 0.846
   410 62017 17788 12284  5447    50  0.393 0.238 0.368 0.095 0.061 0.844
   415 61668 17618 12518  5392    50  0.392 0.237 0.371 0.095 0.061 0.844
   420 62118 17548 12359  5347    50  0.394 0.237 0.369 0.095 0.061 0.844
   425 62031 17297 12219  5446    50  0.393 0.236 0.371 0.095 0.061 0.844
   430 61655 17699 12310  5350    50  0.392 0.235 0.373 0.095 0.062 0.843
   435 61824 17582 12364  5411    50  0.392 0.235 0.373 0.095 0.062 0.843
   440 61572 17630 12315  5254    50  0.392 0.234 0.373 0.094 0.061 0.845
   445 61813 17556 12291  5322    50  0.393 0.234 0.374 0.094 0.061 0.845
   450 61497 17599 12287  5323    50  0.391 0.234 0.375 0.096 0.062 0.843
   455 61570 17859 12215  5340    50  0.391 0.233 0.376 0.097 0.062 0.841
   460 61873 17714 12300  5425    50  0.391 0.233 0.376 0.096 0.062 0.842
   465 61752 17477 12114  5459    50  0.391 0.233 0.376 0.097 0.062 0.841
   470 61898 17501 12327  5353    50  0.392 0.233 0.375 0.097 0.062 0.841
   475 61469 17815 12356  5281    50  0.391 0.231 0.378 0.095 0.061 0.845
   480 61878 17439 12406  5288    50  0.390 0.230 0.380 0.095 0.060 0.845
   485 61546 17653 12405  5341    50  0.390 0.230 0.379 0.095 0.060 0.845
   490 61434 17575 12310  5185    50  0.391 0.229 0.380 0.094 0.059 0.847
   495 61437 17594 12213  5215    50  0.390 0.227 0.383 0.095 0.060 0.846
   500 61695 17543 12366  5326    50  0.391 0.228 0.381 0.097 0.061 0.843
   505 61582 17793 12418  5272    50  0.392 0.228 0.380 0.097 0.060 0.843
   510 61661 17537 12333  5331    50  0.392 0.227 0.381 0.097 0.061 0.843
   515 61557 17441 12145  5195    50  0.391 0.227 0.382 0.096 0.060 0.845
   520 61448 17296 12225  5223    50  0.391 0.227 0.382 0.094 0.059 0.847
   525 61464 17500 12445  5237    50  0.390 0.227 0.382 0.095 0.059 0.847
   530 61485 17510 12428  5317    50  0.389 0.227 0.384 0.094 0.059 0.847
   535 61308 17596 12247  5128    50  0.390 0.227 0.383 0.095 0.060 0.846
   540 61515 17475 12328  5252    50  0.389 0.226 0.385 0.094 0.059 0.847
   545 61347 17528 12380  5164    50  0.389 0.226 0.385 0.094 0.059 0.847
   550 61317 17672 12366  5089    50  0.389 0.224 0.387 0.095 0.059 0.846
   555 61012 17858 12251  5144    50  0.389 0.224 0.387 0.094 0.059 0.847
   560 61459 17537 12589  5206    50  0.392 0.224 0.384 0.095 0.059 0.846
   565 61395 17603 12250  5247    50  0.392 0.224 0.383 0.096 0.060 0.844
   570 61399 17579 12234  5199    50  0.390 0.224 0.386 0.098 0.061 0.841
   575 61308 17690 12195  5145    50  0.391 0.223 0.386 0.097 0.061 0.842
   580 61323 17523 12356  5187    50  0.390 0.222 0.388 0.096 0.059 0.845
   585 61327 17594 12583  5092    50  0.389 0.222 0.389 0.094 0.058 0.848
   590 61329 17572 12439  5149    50  0.388 0.221 0.390 0.094 0.058 0.848
   595 61029 17755 12281  5070    50  0.389 0.220 0.391 0.094 0.057 0.848
   600 61197 17556 12206  5152    50  0.389 0.220 0.391 0.095 0.058 0.848
   605 61069 17585 12458  5016    50  0.390 0.219 0.391 0.095 0.058 0.847
   610 61106 17708 12437  5090    50  0.389 0.218 0.393 0.099 0.060 0.841
   615 61191 17485 12389  5100    50  0.389 0.217 0.394 0.099 0.060 0.842
   620 61136 17506 12425  5117    50  0.389 0.216 0.395 0.098 0.059 0.843
   625 61234 17554 12513  5103    50  0.389 0.215 0.396 0.098 0.059 0.844
   630 61093 17317 12484  5068    50  0.389 0.215 0.396 0.096 0.058 0.847
   635 60984 17380 12446  5022    50  0.389 0.215 0.395 0.099 0.060 0.841
   640 60992 17385 12368  5029    50  0.388 0.215 0.397 0.098 0.059 0.843
   645 61062 17557 12466  5060    50  0.390 0.214 0.396 0.097 0.058 0.844
   650 60922 17453 12479  4940    50  0.389 0.213 0.398 0.098 0.059 0.844
   655 61004 17625 12552  4966    50  0.389 0.213 0.399 0.099 0.059 0.843
   660 61108 17431 12571  5074    50  0.389 0.213 0.398 0.099 0.059 0.842
   665 61041 17529 12489  5152    49  0.390 0.212 0.398 0.099 0.058 0.843
   670 60650 17490 12626  4959    49  0.391 0.211 0.398 0.101 0.059 0.840
   675 60821 17542 12439  4977    49  0.390 0.211 0.399 0.101 0.060 0.839
   680 60785 17409 12496  4897    49  0.392 0.211 0.397 0.102 0.059 0.839
   685 61009 17369 12660  5099    49  0.390 0.209 0.400 0.102 0.059 0.839
   690 61038 17340 12497  4971    49  0.391 0.209 0.400 0.100 0.059 0.841
   695 60591 17433 12292  4863    49  0.390 0.208 0.401 0.101 0.059 0.840
   700 60990 17298 12401  4982    49  0.391 0.208 0.401 0.102 0.060 0.838
   705 60836 17309 12551  4875    49  0.392 0.209 0.400 0.104 0.060 0.835
   710 60964 17576 12581  5008    49  0.392 0.208 0.399 0.104 0.061 0.835
   715 60821 17459 12509  4918    49  0.390 0.208 0.402 0.105 0.061 0.834
   720 60861 17501 12230  4941    49  0.390 0.207 0.402 0.106 0.061 0.833
   725 60768 17476 12497  4835    48  0.391 0.208 0.402 0.107 0.061 0.833
   730 61072 17148 12559  4945    48  0.392 0.207 0.401 0.108 0.062 0.830
   735 60986 17378 12313  4850    48  0.392 0.206 0.402 0.107 0.061 0.832
   740 60800 17327 12512  4982    48  0.392 0.206 0.403 0.108 0.061 0.831
   745 60676 17594 12248  4943    48  0.391 0.205 0.404 0.108 0.062 0.830
   750 60839 17284 12530  4868    48  0.392 0.205 0.403 0.107 0.061 0.831
   755 60839 17463 12469  4886    48  0.393 0.204 0.403 0.109 0.062 0.829
   760 60526 17606 12616  4924    48  0.394 0.205 0.401 0.107 0.061 0.831
   765 60890 17382 12558  4996    48  0.395 0.204 0.401 0.108 0.061 0.831
   770 60834 17508 12440  4927    48  0.397 0.204 0.400 0.108 0.061 0.831
   775 60715 17399 12522  4801    48  0.395 0.203 0.402 0.107 0.061 0.832
   780 60747 17422 12474  4899    48  0.395 0.203 0.402 0.106 0.060 0.834
   785 60726 17494 12669  4845    48  0.397 0.203 0.400 0.106 0.060 0.833
   790 60742 17333 12517  4904    48  0.396 0.203 0.400 0.105 0.060 0.835
   795 60639 17429 12637  4814    48  0.396 0.203 0.401 0.105 0.059 0.836
   800 60571 17267 12639  4749    48  0.395 0.202 0.402 0.105 0.059 0.836
   805 60709 17424 12500  4791    48  0.396 0.203 0.401 0.104 0.059 0.838
   810 60492 17411 12445  4822    48  0.398 0.202 0.400 0.105 0.059 0.836
   815 60554 17330 12575  4719    48  0.399 0.202 0.399 0.106 0.059 0.835
   820 60546 17543 12556  4846    48  0.400 0.201 0.399 0.106 0.059 0.835
   825 60625 17433 12503  4955    48  0.402 0.202 0.397 0.107 0.059 0.834
   830 60620 17420 12619  4847    48  0.402 0.201 0.397 0.108 0.060 0.832
   835 60798 17231 12560  4887    48  0.401 0.201 0.398 0.108 0.060 0.832
   840 60689 17263 12521  4904    48  0.403 0.201 0.397 0.108 0.059 0.833
   845 60799 17404 12523  4919    48  0.404 0.200 0.396 0.106 0.059 0.835
   850 60424 17644 12656  4759    48  0.406 0.200 0.394 0.108 0.059 0.833
   855 60808 17480 12743  4831    48  0.407 0.200 0.393 0.108 0.059 0.832
   860 60728 17473 12621  4764    47  0.409 0.200 0.391 0.110 0.060 0.830
   865 60880 17266 12557  4872    47  0.409 0.199 0.392 0.112 0.062 0.825
   870 60915 17414 12564  4812    47  0.408 0.199 0.393 0.111 0.062 0.826
   875 60917 17265 12655  4780    47  0.409 0.199 0.392 0.113 0.063 0.825
   880 60700 17492 12542  4788    47  0.409 0.197 0.393 0.114 0.063 0.823
   885 60780 17441 12519  4879    47  0.410 0.197 0.393 0.113 0.063 0.824
   890 60548 17485 12602  4775    47  0.411 0.197 0.392 0.111 0.062 0.827
   895 60641 17287 12682  4690    47  0.412 0.197 0.391 0.110 0.061 0.829
   900 60417 17490 12641  4753    47  0.412 0.197 0.391 0.110 0.061 0.829
   905 60778 17186 12518  4685    47  0.410 0.196 0.394 0.110 0.060 0.829
   910 60785 17405 12587  4788    47  0.412 0.197 0.392 0.111 0.060 0.830
   915 60448 17461 12641  4785    47  0.412 0.197 0.391 0.112 0.061 0.827
   920 60532 17464 12453  4841    47  0.411 0.196 0.393 0.112 0.061 0.827
   925 60676 17281 12535  4772    47  0.412 0.196 0.393 0.112 0.061 0.827
   930 60358 17307 12604  4750    47  0.412 0.195 0.393 0.112 0.061 0.827
   935 60427 17389 12498  4804    47  0.414 0.195 0.391 0.111 0.060 0.829
   940 60582 17371 12800  4733    47  0.414 0.194 0.392 0.112 0.060 0.829
   945 60340 17404 12548  4685    47  0.415 0.194 0.391 0.113 0.061 0.826
   950 60407 17363 12616  4759    47  0.414 0.193 0.393 0.113 0.061 0.827
   955 60513 17441 12599  4707    47  0.414 0.193 0.393 0.111 0.059 0.830
   960 60340 17508 12688  4602    47  0.415 0.193 0.392 0.108 0.058 0.834
   965 60147 17353 12544  4651    47  0.417 0.193 0.391 0.107 0.057 0.836
   970 60105 17381 12574  4617    47  0.417 0.192 0.391 0.108 0.058 0.835
   975 60311 17255 12509  4629    47  0.419 0.191 0.390 0.107 0.057 0.836
   980 60042 17286 12676  4606    47  0.419 0.191 0.391 0.107 0.057 0.836
   985 60419 17283 12804  4652    47  0.421 0.190 0.389 0.107 0.056 0.837
   990 60069 17208 12550  4577    47  0.421 0.189 0.391 0.107 0.056 0.838
   995 60192 17172 12747  4576    47  0.421 0.189 0.391 0.107 0.056 0.837
  1000 60155 17183 12690  4618    47  0.421 0.188 0.392 0.106 0.056 0.838
