 nmt =               50
 dmf =      T
 dff =      F
 vgr =       0.150000006    
 lde =       0.949999988    
 theta =     0.500000000    
 sigma =     0.500000000    
 ssr =                1
 dr =        0.300000012    
 mr =         9.99999978E-03
 spdispr =           30
 gs =               300
 ini =            60000
 ngen =            1000
 Myseed =         84563
 nmap =            1000
 Gen nind ndea nveg nspo num_mat veg_1 spo_1 mat_1 veg_2 spo_2 mat_2
     0 60000     0     0     0    50  0.332 0.334 0.333   NaN   NaN   NaN
     5 56950 15567  5404  9977    50  0.315 0.345 0.339 0.239 0.242 0.519
    10 56251 15472  5509  9478    50  0.287 0.337 0.376 0.207 0.218 0.574
    15 55123 15042  5793  9116    50  0.264 0.326 0.410 0.183 0.199 0.619
    20 53498 14816  5726  8687    50  0.245 0.315 0.440 0.161 0.180 0.658
    25 52445 14503  5968  8261    50  0.229 0.303 0.468 0.143 0.164 0.693
    30 51413 14262  6123  8027    50  0.217 0.294 0.489 0.129 0.150 0.721
    35 50243 13931  6198  7618    50  0.210 0.286 0.503 0.118 0.140 0.742
    40 49930 13649  6170  7492    50  0.203 0.283 0.514 0.107 0.131 0.761
    45 49227 13679  6263  7233    50  0.197 0.280 0.523 0.098 0.125 0.777
    50 48914 13538  6215  7150    50  0.194 0.282 0.524 0.091 0.119 0.790
    55 48818 13457  6313  7137    50  0.191 0.286 0.523 0.086 0.116 0.799
    60 48592 13503  6233  7255    50  0.190 0.291 0.519 0.081 0.115 0.804
    65 48940 13352  6283  7410    50  0.190 0.296 0.515 0.076 0.111 0.814
    70 49297 13537  6265  7327    50  0.189 0.301 0.510 0.072 0.108 0.820
    75 49685 13662  6228  7525    50  0.189 0.307 0.504 0.069 0.107 0.824
    80 49658 13650  6214  7553    50  0.188 0.311 0.500 0.068 0.106 0.827
    85 49836 13737  6210  7611    50  0.188 0.316 0.496 0.066 0.106 0.828
    90 50010 13737  6118  7687    50  0.188 0.320 0.492 0.066 0.106 0.828
    95 50309 13937  6215  7586    50  0.188 0.322 0.490 0.064 0.105 0.831
   100 50230 13750  5966  7745    50  0.187 0.324 0.489 0.062 0.104 0.834
   105 50228 13875  6168  7630    50  0.187 0.326 0.487 0.061 0.102 0.837
   110 50553 13820  6233  7901    50  0.187 0.328 0.485 0.060 0.102 0.838
   115 50639 13709  6096  7746    50  0.188 0.331 0.481 0.059 0.102 0.838
   120 50704 14075  5938  7826    50  0.188 0.333 0.480 0.059 0.103 0.838
   125 51116 14117  6099  7962    50  0.187 0.335 0.478 0.058 0.102 0.840
   130 51167 13827  6149  7975    50  0.186 0.335 0.479 0.058 0.102 0.840
   135 50573 13879  6043  7802    50  0.184 0.334 0.482 0.058 0.101 0.841
   140 50804 13817  6050  7888    50  0.183 0.334 0.483 0.056 0.099 0.845
   145 51077 14031  6094  7770    50  0.181 0.331 0.489 0.055 0.097 0.848
   150 50420 14085  6174  7755    50  0.180 0.332 0.488 0.054 0.098 0.848
   155 50384 13904  6187  7808    50  0.178 0.333 0.489 0.054 0.098 0.848
   160 50249 13986  6249  7852    50  0.176 0.332 0.493 0.054 0.098 0.849
   165 50428 13921  6079  7745    50  0.175 0.333 0.492 0.053 0.097 0.850
   170 50550 13910  6134  7682    50  0.174 0.333 0.493 0.052 0.096 0.853
   175 50910 13768  6135  7829    50  0.172 0.330 0.498 0.052 0.097 0.850
   180 50579 13699  6164  7688    50  0.171 0.330 0.499 0.052 0.098 0.850
   185 50569 13467  6288  7681    50  0.169 0.328 0.503 0.052 0.098 0.851
   190 50262 13918  6234  7692    50  0.168 0.328 0.504 0.050 0.096 0.854
   195 50188 13630  6153  7589    50  0.165 0.325 0.510 0.049 0.094 0.858
   200 49985 13922  6210  7663    50  0.164 0.323 0.512 0.048 0.094 0.858
   205 49747 13994  6225  7369    50  0.163 0.324 0.513 0.048 0.092 0.860
   210 49899 13781  6162  7575    50  0.162 0.322 0.516 0.049 0.094 0.857
   215 50023 13816  6142  7553    50  0.161 0.323 0.516 0.048 0.094 0.857
   220 49766 13786  6021  7610    50  0.159 0.321 0.520 0.048 0.094 0.858
   225 49512 13904  6362  7360    50  0.158 0.320 0.521 0.049 0.097 0.854
   230 49767 13697  6203  7575    50  0.158 0.321 0.521 0.049 0.095 0.856
   235 49526 13785  6237  7416    50  0.157 0.319 0.524 0.048 0.094 0.858
   240 49487 13674  6097  7492    50  0.157 0.319 0.525 0.047 0.093 0.859
   245 49749 13554  6308  7521    50  0.155 0.317 0.528 0.048 0.094 0.859
   250 49622 13708  6163  7421    50  0.153 0.315 0.532 0.047 0.093 0.859
   255 49404 13651  6214  7404    50  0.152 0.315 0.534 0.046 0.092 0.862
   260 49597 13276  6214  7363    50  0.149 0.311 0.540 0.046 0.093 0.861
   265 49199 13512  6221  7245    49  0.149 0.311 0.541 0.046 0.093 0.861
   270 49056 13465  6197  7191    49  0.148 0.310 0.542 0.045 0.091 0.864
   275 48837 13596  6172  7216    49  0.148 0.308 0.545 0.045 0.091 0.864
   280 48552 13668  6151  7222    49  0.147 0.307 0.546 0.045 0.092 0.863
   285 49019 13395  6297  7276    49  0.146 0.306 0.548 0.046 0.092 0.862
   290 48997 13480  6495  7183    49  0.146 0.305 0.549 0.045 0.091 0.863
   295 48863 13508  6418  7225    49  0.144 0.303 0.553 0.045 0.092 0.863
   300 48733 13613  6336  7092    49  0.144 0.303 0.553 0.044 0.088 0.868
   305 48548 13371  6335  7053    49  0.142 0.298 0.559 0.043 0.088 0.868
   310 48124 13491  6386  6957    49  0.141 0.296 0.562 0.043 0.087 0.870
   315 48346 13387  6439  7095    49  0.141 0.296 0.563 0.042 0.085 0.873
   320 48513 13331  6286  7114    49  0.140 0.295 0.565 0.042 0.085 0.873
   325 48201 13271  6197  6982    49  0.141 0.295 0.565 0.042 0.084 0.874
   330 47892 13334  6340  6951    49  0.139 0.293 0.568 0.042 0.085 0.873
   335 48117 13097  6322  6955    49  0.139 0.293 0.568 0.041 0.085 0.873
   340 47684 13381  6352  6851    49  0.138 0.291 0.571 0.042 0.087 0.871
   345 47584 13099  6207  6778    49  0.137 0.289 0.574 0.041 0.085 0.874
   350 47483 13091  6260  6837    49  0.136 0.289 0.575 0.042 0.087 0.871
   355 48166 13300  6393  7051    49  0.136 0.290 0.574 0.043 0.088 0.869
   360 47568 13215  6363  6861    49  0.136 0.289 0.575 0.042 0.087 0.870
   365 47625 12957  6325  6765    49  0.134 0.285 0.580 0.043 0.088 0.870
   370 47450 13306  6336  6914    49  0.134 0.287 0.579 0.043 0.090 0.866
   375 47743 13172  6226  6889    49  0.133 0.285 0.581 0.043 0.089 0.868
   380 47679 13345  6436  6816    49  0.132 0.283 0.585 0.043 0.090 0.867
   385 47850 13008  6360  6818    49  0.132 0.282 0.586 0.042 0.088 0.870
   390 47462 13117  6364  6713    49  0.131 0.280 0.589 0.041 0.085 0.874
   395 47041 12990  6345  6654    49  0.130 0.278 0.592 0.041 0.085 0.874
   400 46850 13059  6265  6538    48  0.130 0.276 0.594 0.040 0.083 0.877
   405 46790 13006  6325  6648    48  0.128 0.275 0.597 0.041 0.086 0.873
   410 47034 13023  6501  6676    48  0.129 0.276 0.595 0.041 0.086 0.873
   415 47183 12862  6382  6680    48  0.128 0.273 0.599 0.040 0.085 0.875
   420 46926 12883  6400  6562    48  0.128 0.272 0.600 0.041 0.084 0.875
   425 46632 12879  6336  6539    47  0.127 0.270 0.602 0.040 0.083 0.877
   430 46952 12918  6496  6672    47  0.128 0.270 0.602 0.041 0.086 0.873
   435 46930 12762  6491  6608    47  0.128 0.270 0.602 0.041 0.086 0.873
   440 46325 12914  6320  6450    47  0.127 0.269 0.604 0.041 0.084 0.875
   445 46686 13002  6498  6437    47  0.126 0.267 0.607 0.041 0.084 0.875
   450 46418 12961  6395  6398    47  0.127 0.267 0.607 0.041 0.086 0.873
   455 46145 12762  6482  6381    47  0.126 0.264 0.610 0.041 0.085 0.874
   460 46027 12744  6460  6452    46  0.126 0.264 0.610 0.041 0.085 0.874
   465 46089 12704  6435  6500    46  0.125 0.263 0.612 0.041 0.084 0.875
   470 46231 12926  6399  6422    46  0.124 0.262 0.614 0.041 0.084 0.875
   475 46404 12806  6508  6359    46  0.124 0.263 0.613 0.042 0.086 0.873
   480 45983 12662  6383  6272    46  0.123 0.260 0.617 0.041 0.084 0.875
   485 46166 12607  6429  6370    46  0.123 0.260 0.618 0.041 0.084 0.875
   490 45373 12724  6546  6219    46  0.123 0.260 0.617 0.041 0.085 0.874
   495 45828 12647  6570  6276    46  0.123 0.258 0.619 0.041 0.086 0.873
   500 45780 12727  6432  6253    46  0.123 0.257 0.621 0.041 0.085 0.875
   505 46234 12700  6524  6292    46  0.123 0.256 0.621 0.040 0.083 0.877
   510 46144 12915  6337  6331    46  0.121 0.254 0.625 0.041 0.085 0.874
   515 45394 12609  6496  6216    46  0.121 0.252 0.627 0.041 0.084 0.875
   520 45623 12771  6671  6122    46  0.120 0.251 0.628 0.041 0.083 0.876
   525 45457 12515  6474  6093    46  0.120 0.250 0.630 0.041 0.085 0.874
   530 45435 12680  6450  6039    46  0.119 0.249 0.631 0.041 0.084 0.875
   535 45548 12575  6653  6172    46  0.119 0.249 0.631 0.041 0.085 0.874
   540 45659 12592  6551  6180    46  0.118 0.247 0.634 0.041 0.083 0.876
   545 45011 12543  6568  5991    46  0.118 0.245 0.637 0.041 0.083 0.876
   550 45117 12763  6559  6022    46  0.117 0.243 0.639 0.040 0.081 0.878
   555 44656 12570  6500  5890    46  0.117 0.242 0.641 0.041 0.082 0.877
   560 44615 12547  6487  5949    46  0.118 0.242 0.640 0.041 0.083 0.876
   565 44874 12373  6489  5890    46  0.118 0.242 0.640 0.041 0.083 0.876
   570 44663 12739  6549  6025    46  0.118 0.241 0.641 0.041 0.084 0.875
   575 44670 12451  6527  5792    46  0.118 0.241 0.641 0.041 0.083 0.876
   580 44656 12620  6435  5889    46  0.117 0.240 0.642 0.042 0.083 0.875
   585 44600 12315  6580  5731    46  0.117 0.238 0.645 0.042 0.083 0.875
   590 44595 12467  6599  5862    46  0.116 0.236 0.648 0.041 0.082 0.877
   595 44578 12388  6586  5829    46  0.116 0.236 0.648 0.041 0.080 0.879
   600 44215 12638  6495  5732    46  0.116 0.235 0.650 0.043 0.084 0.874
   605 44437 12333  6632  5868    46  0.116 0.235 0.649 0.042 0.082 0.877
   610 44092 12354  6551  5688    46  0.115 0.234 0.651 0.042 0.082 0.876
   615 44299 12282  6550  5800    46  0.116 0.234 0.651 0.041 0.081 0.877
   620 44227 12378  6717  5700    46  0.115 0.231 0.653 0.041 0.081 0.878
   625 44146 12382  6528  5802    46  0.115 0.231 0.654 0.041 0.081 0.878
   630 44009 12194  6555  5658    46  0.115 0.230 0.654 0.041 0.079 0.881
   635 44018 12338  6447  5650    46  0.115 0.230 0.655 0.040 0.078 0.881
   640 43903 12234  6677  5678    46  0.115 0.228 0.657 0.041 0.079 0.880
   645 43816 12213  6614  5699    46  0.114 0.227 0.659 0.041 0.078 0.881
   650 43646 12372  6672  5641    46  0.115 0.226 0.659 0.040 0.078 0.881
   655 43761 12279  6586  5595    46  0.115 0.227 0.658 0.042 0.082 0.876
   660 43613 12235  6610  5555    46  0.115 0.227 0.658 0.042 0.082 0.876
   665 43473 12278  6648  5530    46  0.115 0.227 0.659 0.043 0.083 0.874
   670 43600 12262  6590  5582    46  0.114 0.224 0.661 0.042 0.082 0.875
   675 43803 12110  6689  5629    46  0.114 0.224 0.661 0.043 0.083 0.875
   680 43915 12246  6602  5540    46  0.114 0.224 0.662 0.042 0.082 0.876
   685 43784 12173  6621  5505    46  0.113 0.222 0.664 0.041 0.079 0.880
   690 43511 12261  6732  5467    46  0.113 0.220 0.667 0.041 0.078 0.881
   695 43196 12097  6572  5393    46  0.112 0.218 0.670 0.041 0.079 0.880
   700 42997 12337  6721  5447    46  0.112 0.218 0.670 0.041 0.077 0.882
   705 42832 11914  6675  5306    46  0.113 0.218 0.669 0.041 0.077 0.882
   710 43274 11808  6520  5523    46  0.113 0.218 0.668 0.041 0.078 0.881
   715 43280 12145  6647  5502    46  0.114 0.218 0.669 0.042 0.079 0.880
   720 43210 12039  6610  5424    46  0.114 0.218 0.668 0.042 0.080 0.878
   725 43498 12151  6656  5450    46  0.114 0.217 0.669 0.043 0.081 0.876
   730 43307 12181  6711  5439    46  0.114 0.218 0.668 0.044 0.083 0.874
   735 43196 11951  6569  5404    46  0.113 0.217 0.670 0.043 0.081 0.876
   740 43647 12036  6707  5538    46  0.113 0.216 0.670 0.044 0.083 0.874
   745 42934 11991  6619  5460    46  0.113 0.215 0.672 0.044 0.083 0.873
   750 42956 12191  6653  5286    46  0.112 0.215 0.673 0.044 0.083 0.874
   755 43118 11968  6658  5359    46  0.112 0.215 0.673 0.043 0.081 0.876
   760 42969 12110  6718  5325    46  0.112 0.213 0.676 0.042 0.079 0.878
   765 42500 11817  6707  5239    46  0.111 0.211 0.677 0.042 0.080 0.878
   770 42643 11961  6794  5224    46  0.111 0.211 0.677 0.043 0.080 0.877
   775 42630 11910  6679  5277    46  0.111 0.211 0.678 0.043 0.081 0.876
   780 42602 11971  6522  5284    46  0.111 0.210 0.679 0.044 0.080 0.876
   785 42756 12036  6698  5361    45  0.111 0.211 0.678 0.043 0.080 0.876
   790 43009 11901  6745  5342    45  0.111 0.208 0.681 0.044 0.080 0.876
   795 42584 12109  6718  5264    45  0.110 0.208 0.682 0.044 0.080 0.876
   800 42398 12101  6649  5184    45  0.110 0.208 0.682 0.043 0.079 0.879
   805 42456 11917  6582  5221    45  0.109 0.207 0.684 0.042 0.078 0.881
   810 42382 11815  6617  5212    45  0.110 0.207 0.683 0.042 0.078 0.879
   815 42280 12046  6662  5243    45  0.109 0.206 0.685 0.042 0.078 0.880
   820 42208 11815  6728  5207    45  0.109 0.204 0.687 0.043 0.079 0.879
   825 42185 11875  6666  5171    45  0.109 0.204 0.687 0.043 0.080 0.878
   830 42251 11941  6635  5149    45  0.109 0.204 0.687 0.043 0.079 0.878
   835 42001 11818  6692  5024    45  0.109 0.203 0.688 0.043 0.079 0.878
   840 41919 11784  6661  5044    45  0.108 0.203 0.689 0.042 0.078 0.880
   845 42062 11830  6759  5138    45  0.108 0.202 0.690 0.043 0.078 0.879
   850 42054 11751  6618  5155    45  0.108 0.201 0.691 0.043 0.078 0.879
   855 41673 11982  6611  5016    45  0.107 0.200 0.693 0.043 0.080 0.877
   860 41901 11832  6620  5117    45  0.107 0.199 0.694 0.044 0.080 0.877
   865 42212 11682  6615  5248    45  0.107 0.199 0.693 0.044 0.081 0.876
   870 42153 11669  6615  5060    45  0.106 0.197 0.696 0.043 0.079 0.877
   875 41740 11591  6586  5079    45  0.106 0.197 0.697 0.043 0.078 0.879
   880 41596 11572  6595  4998    45  0.105 0.197 0.698 0.043 0.079 0.878
   885 41452 11787  6662  4987    45  0.105 0.196 0.700 0.043 0.078 0.879
   890 41214 11781  6567  4856    45  0.104 0.195 0.701 0.042 0.078 0.880
   895 41651 11764  6721  5030    45  0.103 0.194 0.703 0.041 0.076 0.883
   900 41401 11712  6660  4867    45  0.103 0.193 0.703 0.041 0.076 0.882
   905 41401 11790  6596  4912    45  0.103 0.193 0.703 0.041 0.076 0.883
   910 41484 11765  6711  4952    45  0.103 0.193 0.704 0.042 0.076 0.882
   915 41224 11621  6705  4844    45  0.102 0.192 0.706 0.041 0.076 0.883
   920 41362 11587  6694  4851    45  0.102 0.191 0.706 0.042 0.076 0.882
   925 41497 11526  6688  4854    45  0.103 0.192 0.706 0.042 0.077 0.881
   930 41120 11451  6700  4916    45  0.102 0.191 0.707 0.041 0.076 0.882
   935 40876 11544  6700  4763    45  0.102 0.190 0.707 0.041 0.077 0.882
   940 40927 11505  6779  4804    45  0.102 0.191 0.707 0.041 0.075 0.884
   945 41356 11580  6793  4834    45  0.102 0.189 0.709 0.041 0.075 0.884
   950 40861 11454  6731  4773    45  0.102 0.189 0.709 0.041 0.075 0.884
   955 41072 11517  6823  4860    45  0.103 0.189 0.708 0.041 0.074 0.885
   960 40920 11628  6847  4682    44  0.102 0.189 0.708 0.041 0.075 0.884
   965 40891 11618  6661  4760    44  0.102 0.189 0.708 0.042 0.077 0.881
   970 40901 11577  6797  4779    44  0.101 0.187 0.711 0.042 0.076 0.882
   975 40876 11344  6770  4738    44  0.101 0.187 0.712 0.042 0.076 0.882
   980 40892 11246  6738  4673    44  0.101 0.185 0.714 0.041 0.076 0.883
   985 40675 11710  6747  4778    44  0.101 0.186 0.713 0.042 0.076 0.882
   990 40596 11484  6831  4769    44  0.101 0.186 0.712 0.041 0.074 0.885
   995 40528 11598  6844  4620    44  0.102 0.185 0.713 0.041 0.074 0.886
  1000 40476 11532  6766  4722    44  0.102 0.185 0.714 0.040 0.073 0.887
