 nmt =               50
 dmf =      T
 dff =      F
 vgr =       0.100000001    
 lde =       0.949999988    
 theta =     0.500000000    
 sigma =     0.500000000    
 ssr =                1
 dr =        0.500000000    
 mr =         9.99999978E-03
 spdispr =           30
 gs =               300
 ini =            60000
 ngen =            1000
 Myseed =         84563
 nmap =            1000
 Gen nind ndea nveg nspo num_mat veg_1 spo_1 mat_1 veg_2 spo_2 mat_2
     0 60000     0     0     0    50  0.333 0.334 0.333   NaN   NaN   NaN
     5 30965 14089  4811  7197    50  0.310 0.352 0.337 0.266 0.280 0.454
    10 25356 11231  4443  6115    50  0.283 0.363 0.354 0.253 0.301 0.446
    15 22741  9866  4274  5451    50  0.263 0.377 0.360 0.237 0.314 0.449
    20 21797  9659  4126  5345    50  0.246 0.395 0.358 0.229 0.333 0.438
    25 21881  9606  4101  5482    50  0.231 0.412 0.357 0.215 0.359 0.426
    30 22646  9571  4144  5772    50  0.218 0.425 0.357 0.202 0.374 0.424
    35 24209 10327  4290  6340    50  0.210 0.436 0.354 0.192 0.382 0.426
    40 25888 10852  4277  6919    50  0.201 0.441 0.358 0.181 0.389 0.430
    45 27424 11612  4405  7461    50  0.192 0.449 0.359 0.175 0.394 0.431
    50 28170 12101  4493  7717    50  0.182 0.455 0.362 0.163 0.394 0.444
    55 29605 12325  4583  8102    50  0.177 0.456 0.368 0.157 0.393 0.450
    60 30217 12645  4575  8283    50  0.170 0.455 0.375 0.150 0.392 0.458
    65 30456 12757  4642  8314    50  0.164 0.454 0.382 0.146 0.393 0.461
    70 30338 12726  4664  8299    50  0.158 0.454 0.389 0.140 0.388 0.472
    75 29764 12687  4626  8150    50  0.153 0.450 0.397 0.135 0.386 0.478
    80 29709 12808  4522  8138    50  0.149 0.448 0.403 0.132 0.385 0.484
    85 29690 12615  4542  8191    50  0.145 0.447 0.408 0.127 0.383 0.491
    90 29657 12692  4628  7981    50  0.140 0.445 0.414 0.123 0.381 0.496
    95 29193 12616  4603  7836    50  0.136 0.441 0.423 0.121 0.382 0.498
   100 28727 12283  4501  7654    50  0.134 0.440 0.426 0.117 0.380 0.503
   105 28412 12125  4575  7719    50  0.131 0.442 0.427 0.114 0.379 0.506
   110 28221 12171  4431  7561    50  0.129 0.440 0.431 0.114 0.381 0.506
   115 28322 11985  4618  7529    50  0.127 0.439 0.434 0.112 0.378 0.510
   120 28952 12225  4511  7783    50  0.125 0.438 0.437 0.111 0.379 0.510
   125 28878 12199  4536  7683    50  0.123 0.436 0.440 0.108 0.376 0.516
   130 28610 12421  4575  7605    50  0.122 0.435 0.444 0.107 0.373 0.520
   135 28117 12028  4599  7427    50  0.121 0.431 0.448 0.106 0.373 0.522
   140 27825 11722  4436  7400    50  0.119 0.428 0.453 0.103 0.370 0.527
   145 27316 11954  4416  7237    50  0.117 0.426 0.457 0.103 0.368 0.529
   150 26914 11598  4573  7076    50  0.116 0.424 0.460 0.102 0.367 0.531
   155 26501 11453  4360  6870    50  0.113 0.422 0.465 0.100 0.367 0.533
   160 26158 11300  4428  6786    50  0.112 0.420 0.468 0.098 0.370 0.531
   165 25951 11188  4414  6768    50  0.111 0.423 0.466 0.098 0.369 0.534
   170 26121 11187  4407  6880    50  0.110 0.422 0.468 0.096 0.367 0.537
   175 25893 11099  4372  6776    50  0.108 0.421 0.470 0.094 0.367 0.539
   180 25589 11040  4250  6678    50  0.107 0.420 0.473 0.094 0.368 0.538
   185 26233 11037  4400  6978    50  0.106 0.421 0.472 0.093 0.370 0.537
   190 26352 11264  4489  6850    50  0.105 0.418 0.477 0.092 0.370 0.538
   195 26496 11449  4432  6886    50  0.104 0.418 0.478 0.091 0.366 0.543
   200 26177 11277  4363  6921    50  0.103 0.419 0.478 0.091 0.368 0.542
   205 26008 11263  4381  6760    50  0.102 0.414 0.484 0.089 0.366 0.545
   210 25570 10995  4374  6599    50  0.101 0.412 0.487 0.088 0.363 0.549
   215 25073 10839  4229  6562    50  0.101 0.410 0.489 0.088 0.363 0.549
   220 24639 10658  4129  6409    50  0.100 0.412 0.488 0.087 0.365 0.548
   225 25073 11056  4370  6399    50  0.099 0.413 0.488 0.087 0.367 0.546
   230 25025 10913  4226  6469    50  0.099 0.414 0.488 0.086 0.367 0.547
   235 24974 10786  4289  6352    50  0.097 0.411 0.492 0.087 0.368 0.545
   240 25409 10936  4510  6510    50  0.097 0.412 0.491 0.086 0.366 0.548
   245 24719 10883  4312  6374    50  0.097 0.410 0.493 0.086 0.365 0.550
   250 24512 10520  4275  6329    49  0.096 0.412 0.492 0.085 0.367 0.548
   255 24638 10687  4295  6374    49  0.096 0.413 0.491 0.084 0.367 0.549
   260 24864 10485  4300  6479    49  0.094 0.412 0.494 0.083 0.368 0.549
   265 24874 10595  4256  6501    49  0.093 0.410 0.496 0.083 0.368 0.549
   270 25113 10805  4329  6352    49  0.092 0.409 0.499 0.082 0.368 0.549
   275 24825 10673  4171  6393    49  0.092 0.409 0.499 0.082 0.366 0.552
   280 24769 10675  4279  6302    49  0.090 0.408 0.502 0.081 0.368 0.552
   285 24924 10747  4339  6460    49  0.091 0.406 0.503 0.081 0.365 0.554
   290 24756 10827  4337  6306    49  0.090 0.405 0.505 0.080 0.365 0.555
   295 24079 10724  4223  6111    49  0.089 0.402 0.509 0.079 0.361 0.560
   300 23908 10239  4237  6064    49  0.089 0.400 0.510 0.078 0.361 0.561
   305 23892 10108  4156  6165    49  0.087 0.400 0.513 0.078 0.363 0.559
   310 24286 10263  4250  6195    49  0.086 0.399 0.515 0.077 0.360 0.563
   315 24092 10256  4317  6165    49  0.085 0.398 0.517 0.077 0.362 0.561
   320 23876 10541  4306  5987    49  0.085 0.399 0.517 0.075 0.362 0.563
   325 23490 10340  4194  6065    49  0.083 0.398 0.518 0.074 0.363 0.563
   330 23083 10212  4251  5764    49  0.082 0.398 0.520 0.074 0.362 0.564
   335 23007 10003  4209  5802    49  0.082 0.397 0.521 0.074 0.362 0.564
   340 23068  9984  4270  5768    48  0.081 0.395 0.524 0.073 0.360 0.567
   345 23188 10155  4142  5806    48  0.080 0.393 0.527 0.072 0.360 0.569
   350 23110  9861  4321  5750    48  0.079 0.393 0.528 0.071 0.360 0.569
   355 22691  9791  4117  5693    48  0.078 0.392 0.530 0.070 0.361 0.569
   360 22528  9999  4111  5636    48  0.078 0.392 0.530 0.070 0.361 0.569
   365 22655  9824  4179  5605    48  0.077 0.391 0.532 0.069 0.361 0.570
   370 22432  9815  4218  5533    48  0.077 0.389 0.534 0.069 0.358 0.573
   375 22489  9903  4225  5510    48  0.077 0.388 0.535 0.069 0.358 0.573
   380 22038  9469  4165  5385    48  0.077 0.387 0.537 0.068 0.357 0.575
   385 21925  9495  4121  5438    48  0.076 0.385 0.539 0.067 0.357 0.577
   390 21995  9441  4096  5413    48  0.075 0.384 0.542 0.066 0.356 0.578
   395 21669  9620  4034  5256    48  0.075 0.382 0.543 0.066 0.355 0.579
   400 21017  9328  4001  5008    48  0.073 0.382 0.545 0.065 0.354 0.581
   405 21075  9237  3944  5187    48  0.072 0.382 0.546 0.065 0.354 0.581
   410 21383  9186  4046  5263    48  0.072 0.380 0.548 0.064 0.351 0.585
   415 21052  9276  3994  5074    48  0.071 0.379 0.550 0.065 0.355 0.581
   420 20871  9049  4089  5012    48  0.072 0.377 0.551 0.064 0.352 0.584
   425 20728  9006  4042  5035    48  0.071 0.376 0.553 0.065 0.352 0.583
   430 20497  8951  3984  4925    48  0.071 0.375 0.553 0.065 0.351 0.584
   435 19981  8767  3917  4723    48  0.072 0.375 0.553 0.065 0.353 0.582
   440 19572  8520  3933  4655    48  0.071 0.375 0.554 0.065 0.352 0.583
   445 19257  8548  3875  4523    48  0.071 0.376 0.553 0.063 0.353 0.583
   450 19373  8474  3889  4611    48  0.070 0.375 0.555 0.063 0.352 0.584
   455 19348  8362  3813  4618    48  0.070 0.374 0.556 0.063 0.353 0.584
   460 19735  8318  3942  4731    48  0.070 0.373 0.557 0.063 0.353 0.584
   465 19097  8414  3762  4636    48  0.070 0.373 0.557 0.062 0.351 0.587
   470 18426  8161  3736  4270    48  0.068 0.372 0.559 0.061 0.352 0.586
   475 18435  8225  3742  4330    48  0.068 0.373 0.559 0.062 0.353 0.585
   480 17901  7967  3674  4189    48  0.069 0.374 0.558 0.062 0.353 0.585
   485 17725  7741  3680  4068    48  0.068 0.374 0.558 0.062 0.355 0.583
   490 17744  7811  3706  4105    47  0.068 0.372 0.560 0.062 0.355 0.583
   495 17623  7564  3689  4047    47  0.067 0.372 0.561 0.061 0.354 0.585
   500 17185  7700  3576  3948    47  0.067 0.370 0.563 0.060 0.354 0.585
   505 16848  7413  3660  3770    47  0.065 0.370 0.565 0.060 0.353 0.587
   510 17040  7295  3535  3892    47  0.066 0.368 0.567 0.059 0.352 0.589
   515 16953  7400  3541  3913    47  0.065 0.367 0.568 0.059 0.354 0.587
   520 16440  7139  3449  3716    46  0.065 0.369 0.566 0.059 0.354 0.588
   525 16334  7037  3432  3749    46  0.064 0.368 0.568 0.058 0.353 0.589
   530 16224  7113  3385  3722    46  0.065 0.368 0.567 0.057 0.352 0.591
   535 16256  7200  3400  3696    46  0.064 0.369 0.566 0.057 0.353 0.590
   540 15956  6970  3454  3627    46  0.063 0.369 0.568 0.057 0.353 0.591
   545 15826  6849  3509  3558    46  0.062 0.369 0.569 0.056 0.352 0.593
   550 15795  7095  3473  3527    46  0.061 0.368 0.571 0.056 0.352 0.592
   555 15228  6647  3280  3311    46  0.061 0.366 0.573 0.055 0.352 0.593
   560 14846  6686  3262  3305    46  0.061 0.367 0.572 0.056 0.354 0.590
   565 14450  6476  3156  3117    46  0.061 0.366 0.573 0.056 0.353 0.591
   570 13996  6168  3154  3076    46  0.061 0.367 0.572 0.055 0.356 0.589
   575 14046  6241  3060  3116    45  0.061 0.368 0.570 0.056 0.356 0.588
   580 14106  6071  3081  3091    45  0.061 0.369 0.569 0.056 0.357 0.587
   585 14310  6303  3237  3154    45  0.061 0.370 0.569 0.056 0.356 0.588
   590 14325  6267  3196  3114    45  0.060 0.370 0.570 0.053 0.356 0.592
   595 14078  6211  3118  3019    45  0.061 0.369 0.570 0.053 0.356 0.590
   600 13923  6058  3062  2988    45  0.061 0.368 0.571 0.055 0.355 0.590
   605 13896  6214  3244  3045    44  0.060 0.367 0.572 0.055 0.354 0.591
   610 13385  5996  2986  2857    44  0.060 0.368 0.572 0.055 0.355 0.590
   615 12989  5803  2869  2780    44  0.061 0.367 0.572 0.056 0.357 0.587
   620 12329  5646  2818  2587    44  0.060 0.367 0.573 0.056 0.356 0.587
   625 11780  5140  2662  2438    44  0.061 0.366 0.573 0.057 0.358 0.585
   630 10881  4969  2652  2210    44  0.062 0.366 0.573 0.055 0.357 0.588
   635 10036  4553  2362  1940    44  0.061 0.365 0.575 0.054 0.356 0.590
   640  9205  4068  2236  1782    44  0.059 0.366 0.575 0.055 0.360 0.585
   645  8675  3862  2060  1658    43  0.058 0.368 0.574 0.054 0.359 0.587
   650  7990  3647  1990  1544    42  0.057 0.367 0.576 0.053 0.358 0.589
   655  7228  3337  1838  1309    42  0.058 0.367 0.575 0.053 0.359 0.588
   660  6445  2929  1659  1154    40  0.057 0.366 0.577 0.053 0.356 0.591
   665  5593  2511  1431   995    40  0.057 0.367 0.575 0.054 0.362 0.584
   670  4863  2276  1273   842    40  0.058 0.368 0.573 0.054 0.361 0.585
   675  3814  1741   994   623    40  0.059 0.367 0.574 0.054 0.363 0.583
   680  3018  1436   814   454    39  0.058 0.366 0.576 0.050 0.358 0.592
   685  2264  1160   643   323    38  0.057 0.366 0.577 0.055 0.357 0.588
   690  1721   781   489   243    37  0.056 0.367 0.578 0.052 0.362 0.586
   695  1128   554   317   135    34  0.057 0.369 0.574 0.058 0.371 0.571
   700   854   415   241    97    32  0.055 0.373 0.572 0.057 0.358 0.585
   705   585   298   198    54    30  0.057 0.369 0.574 0.057 0.356 0.587
   710   314   163   102    33    27  0.058 0.363 0.579 0.058 0.355 0.587
   715   152    82    51     9    22  0.051 0.365 0.584 0.070 0.373 0.557
   720    60    34    16     0    13  0.053 0.365 0.581 0.079 0.391 0.530
   725    39    18    13     1     8  0.059 0.370 0.571 0.094 0.421 0.485
   730    12     5     5     0     4  0.065 0.384 0.551   NaN   NaN   NaN
   735    21     4     7     0     4  0.056 0.390 0.554   NaN   NaN   NaN
   740     6     4     1     0     3  0.081 0.399 0.520   NaN   NaN   NaN
   745     4     0     1     0     2  0.074 0.395 0.531   NaN   NaN   NaN
   750     3     0     0     0     1  0.044 0.396 0.559   NaN   NaN   NaN
   755     0     0     0     0     0    NaN   NaN   NaN   NaN   NaN   NaN
   760     0     0     0     0     0    NaN   NaN   NaN   NaN   NaN   NaN
   765     0     0     0     0     0    NaN   NaN   NaN   NaN   NaN   NaN
   770     0     0     0     0     0    NaN   NaN   NaN   NaN   NaN   NaN
   775     0     0     0     0     0    NaN   NaN   NaN   NaN   NaN   NaN
   780     0     0     0     0     0    NaN   NaN   NaN   NaN   NaN   NaN
   785     0     0     0     0     0    NaN   NaN   NaN   NaN   NaN   NaN
   790     0     0     0     0     0    NaN   NaN   NaN   NaN   NaN   NaN
   795     0     0     0     0     0    NaN   NaN   NaN   NaN   NaN   NaN
   800     0     0     0     0     0    NaN   NaN   NaN   NaN   NaN   NaN
   805     0     0     0     0     0    NaN   NaN   NaN   NaN   NaN   NaN
   810     0     0     0     0     0    NaN   NaN   NaN   NaN   NaN   NaN
   815     0     0     0     0     0    NaN   NaN   NaN   NaN   NaN   NaN
   820     0     0     0     0     0    NaN   NaN   NaN   NaN   NaN   NaN
   825     0     0     0     0     0    NaN   NaN   NaN   NaN   NaN   NaN
   830     0     0     0     0     0    NaN   NaN   NaN   NaN   NaN   NaN
   835     0     0     0     0     0    NaN   NaN   NaN   NaN   NaN   NaN
   840     0     0     0     0     0    NaN   NaN   NaN   NaN   NaN   NaN
   845     0     0     0     0     0    NaN   NaN   NaN   NaN   NaN   NaN
   850     0     0     0     0     0    NaN   NaN   NaN   NaN   NaN   NaN
   855     0     0     0     0     0    NaN   NaN   NaN   NaN   NaN   NaN
   860     0     0     0     0     0    NaN   NaN   NaN   NaN   NaN   NaN
   865     0     0     0     0     0    NaN   NaN   NaN   NaN   NaN   NaN
   870     0     0     0     0     0    NaN   NaN   NaN   NaN   NaN   NaN
   875     0     0     0     0     0    NaN   NaN   NaN   NaN   NaN   NaN
   880     0     0     0     0     0    NaN   NaN   NaN   NaN   NaN   NaN
   885     0     0     0     0     0    NaN   NaN   NaN   NaN   NaN   NaN
   890     0     0     0     0     0    NaN   NaN   NaN   NaN   NaN   NaN
   895     0     0     0     0     0    NaN   NaN   NaN   NaN   NaN   NaN
   900     0     0     0     0     0    NaN   NaN   NaN   NaN   NaN   NaN
   905     0     0     0     0     0    NaN   NaN   NaN   NaN   NaN   NaN
   910     0     0     0     0     0    NaN   NaN   NaN   NaN   NaN   NaN
   915     0     0     0     0     0    NaN   NaN   NaN   NaN   NaN   NaN
   920     0     0     0     0     0    NaN   NaN   NaN   NaN   NaN   NaN
   925     0     0     0     0     0    NaN   NaN   NaN   NaN   NaN   NaN
   930     0     0     0     0     0    NaN   NaN   NaN   NaN   NaN   NaN
   935     0     0     0     0     0    NaN   NaN   NaN   NaN   NaN   NaN
   940     0     0     0     0     0    NaN   NaN   NaN   NaN   NaN   NaN
   945     0     0     0     0     0    NaN   NaN   NaN   NaN   NaN   NaN
   950     0     0     0     0     0    NaN   NaN   NaN   NaN   NaN   NaN
   955     0     0     0     0     0    NaN   NaN   NaN   NaN   NaN   NaN
   960     0     0     0     0     0    NaN   NaN   NaN   NaN   NaN   NaN
   965     0     0     0     0     0    NaN   NaN   NaN   NaN   NaN   NaN
   970     0     0     0     0     0    NaN   NaN   NaN   NaN   NaN   NaN
   975     0     0     0     0     0    NaN   NaN   NaN   NaN   NaN   NaN
   980     0     0     0     0     0    NaN   NaN   NaN   NaN   NaN   NaN
   985     0     0     0     0     0    NaN   NaN   NaN   NaN   NaN   NaN
   990     0     0     0     0     0    NaN   NaN   NaN   NaN   NaN   NaN
   995     0     0     0     0     0    NaN   NaN   NaN   NaN   NaN   NaN
  1000     0     0     0     0     0    NaN   NaN   NaN   NaN   NaN   NaN
