 nmt =               50
 dmf =      T
 dff =      F
 vgr =       0.100000001    
 lde =       0.949999988    
 theta =     0.500000000    
 sigma =     0.500000000    
 ssr =                1
 dr =        0.100000001    
 mr =         9.99999978E-03
 spdispr =           30
 gs =               300
 ini =            60000
 ngen =            1000
 Myseed =         84563
 nmap =            1000
 Gen nind ndea nveg nspo num_mat veg_1 spo_1 mat_1 veg_2 spo_2 mat_2
     0 60000     0     0     0    50  0.335 0.334 0.332   NaN   NaN   NaN
     5 76628  7270  1775  6939    50  0.323 0.346 0.331 0.224 0.225 0.551
    10 78314  7370  1490  5925    50  0.301 0.339 0.360 0.198 0.200 0.602
    15 77784  7488  1447  5831    50  0.283 0.330 0.387 0.175 0.178 0.646
    20 77189  7422  1564  5641    50  0.265 0.321 0.413 0.155 0.158 0.687
    25 76370  7384  1676  5575    50  0.249 0.310 0.441 0.137 0.139 0.725
    30 75368  7296  1690  5456    50  0.235 0.299 0.465 0.120 0.122 0.758
    35 74760  7195  1769  5231    50  0.223 0.289 0.488 0.106 0.107 0.787
    40 73971  7159  1815  5112    50  0.213 0.279 0.507 0.094 0.095 0.811
    45 73040  7104  1937  4903    50  0.205 0.272 0.524 0.083 0.084 0.833
    50 72387  7071  2078  4864    50  0.198 0.267 0.535 0.073 0.075 0.852
    55 72023  6939  1992  4912    50  0.191 0.262 0.546 0.065 0.067 0.868
    60 71745  6948  2133  4862    50  0.186 0.259 0.555 0.057 0.061 0.882
    65 71432  6830  2185  4683    50  0.182 0.257 0.561 0.050 0.055 0.895
    70 71077  6705  2187  4670    50  0.180 0.257 0.564 0.045 0.049 0.906
    75 70738  6754  2200  4649    50  0.178 0.257 0.565 0.040 0.045 0.915
    80 70223  6874  2071  4674    50  0.175 0.259 0.566 0.036 0.041 0.923
    85 70464  6772  2228  4699    50  0.174 0.262 0.564 0.033 0.037 0.930
    90 70331  6860  2069  4711    50  0.172 0.265 0.563 0.030 0.034 0.936
    95 70563  6873  2157  4626    50  0.171 0.270 0.559 0.027 0.031 0.942
   100 70672  6725  2183  4629    50  0.171 0.274 0.555 0.024 0.028 0.948
   105 70657  6935  2145  4703    50  0.170 0.277 0.553 0.022 0.026 0.953
   110 70563  6765  2177  4611    50  0.169 0.282 0.550 0.020 0.024 0.956
   115 70675  6851  2114  4659    50  0.168 0.287 0.545 0.018 0.022 0.960
   120 71124  6976  2138  4655    50  0.168 0.290 0.543 0.017 0.020 0.963
   125 71024  6945  2204  4765    50  0.167 0.293 0.540 0.015 0.019 0.966
   130 71106  6769  2173  4700    50  0.166 0.295 0.539 0.014 0.017 0.969
   135 71693  6793  2063  4813    50  0.165 0.299 0.536 0.012 0.016 0.972
   140 71245  6873  2137  4704    50  0.165 0.301 0.535 0.011 0.014 0.974
   145 71203  6945  2125  4763    50  0.164 0.302 0.535 0.010 0.013 0.977
   150 71503  6843  2178  4728    50  0.163 0.304 0.533 0.009 0.012 0.979
   155 71215  6826  2138  4716    50  0.163 0.307 0.531 0.008 0.011 0.981
   160 71151  6961  2094  4868    50  0.161 0.308 0.531 0.008 0.010 0.982
   165 71520  6825  2070  4725    50  0.159 0.309 0.532 0.007 0.009 0.983
   170 71674  6711  2116  4684    50  0.158 0.310 0.531 0.007 0.009 0.984
   175 71396  7040  2141  4727    50  0.157 0.309 0.533 0.006 0.008 0.985
   180 71202  6858  2153  4799    50  0.157 0.312 0.532 0.006 0.008 0.986
   185 71479  6811  2090  4761    50  0.156 0.312 0.532 0.005 0.007 0.988
   190 71367  6932  2076  4869    50  0.155 0.312 0.533 0.005 0.007 0.988
   195 71569  6835  2092  4851    50  0.155 0.312 0.533 0.005 0.007 0.989
   200 71351  6965  2061  4779    50  0.154 0.312 0.534 0.004 0.006 0.989
   205 71119  6928  2133  4751    50  0.153 0.312 0.536 0.004 0.006 0.990
   210 71324  6890  2071  4633    50  0.152 0.310 0.538 0.004 0.006 0.990
   215 71385  6763  2094  4808    50  0.150 0.310 0.540 0.004 0.005 0.991
   220 71628  6861  2093  4781    50  0.150 0.309 0.541 0.004 0.005 0.991
   225 71563  6881  2090  4765    50  0.150 0.310 0.540 0.003 0.005 0.991
   230 71123  6851  2177  4776    50  0.149 0.309 0.542 0.003 0.005 0.992
   235 71417  6847  2143  4808    50  0.150 0.309 0.541 0.003 0.005 0.991
   240 71419  6939  2107  4755    50  0.149 0.309 0.542 0.003 0.005 0.992
   245 71292  6982  2082  4785    50  0.149 0.308 0.543 0.003 0.005 0.992
   250 71311  6873  2134  4799    50  0.148 0.307 0.545 0.003 0.005 0.993
   255 70990  6889  2092  4712    50  0.147 0.305 0.548 0.003 0.005 0.993
   260 71085  6881  2184  4774    50  0.146 0.304 0.549 0.002 0.004 0.993
   265 71126  6818  2142  4720    50  0.146 0.304 0.550 0.002 0.004 0.994
   270 71193  6865  2151  4764    50  0.145 0.304 0.551 0.002 0.004 0.994
   275 70985  6872  2155  4747    50  0.145 0.304 0.551 0.002 0.004 0.994
   280 70807  6848  2206  4580    50  0.144 0.303 0.553 0.002 0.004 0.993
   285 71022  6848  2156  4749    50  0.144 0.302 0.554 0.002 0.005 0.993
   290 70940  6887  2176  4715    50  0.143 0.300 0.557 0.002 0.005 0.993
   295 70543  6908  2124  4602    50  0.142 0.299 0.559 0.002 0.005 0.993
   300 70694  6720  2103  4640    50  0.142 0.299 0.559 0.002 0.005 0.993
   305 70619  6762  2140  4619    50  0.141 0.297 0.562 0.002 0.004 0.994
   310 70583  6885  2245  4582    50  0.141 0.297 0.562 0.002 0.004 0.994
   315 70478  6866  2143  4646    50  0.140 0.295 0.565 0.002 0.004 0.995
   320 70648  6854  2231  4632    50  0.140 0.296 0.564 0.002 0.004 0.994
   325 70649  6777  2224  4657    50  0.139 0.296 0.565 0.002 0.004 0.994
   330 70679  6938  2125  4592    50  0.139 0.296 0.565 0.002 0.004 0.994
   335 70595  6966  2137  4706    50  0.139 0.294 0.568 0.002 0.004 0.994
   340 70344  6988  2174  4677    50  0.139 0.294 0.567 0.002 0.004 0.994
   345 70407  6818  2213  4701    50  0.140 0.294 0.566 0.002 0.004 0.994
   350 70590  6854  2293  4584    50  0.140 0.295 0.565 0.002 0.004 0.994
   355 70674  6732  2205  4685    50  0.140 0.294 0.566 0.002 0.004 0.994
   360 70652  6801  2168  4660    50  0.140 0.295 0.565 0.002 0.004 0.994
   365 70711  6749  2159  4621    50  0.141 0.296 0.563 0.002 0.004 0.994
   370 70412  6961  2138  4657    50  0.140 0.296 0.564 0.002 0.004 0.994
   375 70531  6941  2129  4703    50  0.141 0.296 0.562 0.002 0.004 0.994
   380 70702  6834  2216  4685    50  0.141 0.296 0.563 0.002 0.004 0.994
   385 70789  6868  2211  4646    50  0.142 0.296 0.562 0.002 0.004 0.994
   390 70334  6907  2170  4539    50  0.142 0.296 0.562 0.002 0.004 0.994
   395 70570  6838  2210  4589    50  0.141 0.295 0.564 0.002 0.004 0.994
   400 70787  6808  2190  4672    50  0.141 0.294 0.565 0.002 0.004 0.994
   405 70572  6763  2140  4542    50  0.140 0.292 0.567 0.002 0.004 0.994
   410 70409  6845  2096  4670    50  0.140 0.292 0.568 0.002 0.004 0.994
   415 70488  6595  2244  4683    50  0.141 0.293 0.567 0.002 0.004 0.995
   420 70628  6704  2121  4631    50  0.142 0.294 0.565 0.002 0.004 0.994
   425 70572  6855  2214  4699    50  0.143 0.296 0.561 0.002 0.004 0.994
   430 70883  6866  2203  4822    50  0.145 0.299 0.556 0.002 0.004 0.994
   435 71140  6841  2115  4737    50  0.146 0.303 0.551 0.002 0.004 0.994
   440 71348  6850  2111  4725    50  0.149 0.309 0.543 0.002 0.004 0.994
   445 71544  6910  2104  4877    50  0.152 0.315 0.533 0.002 0.004 0.994
   450 72199  6909  2023  4953    50  0.154 0.323 0.523 0.002 0.004 0.994
   455 72346  7103  2021  5056    50  0.156 0.329 0.515 0.002 0.004 0.995
   460 72352  6975  1953  5003    50  0.160 0.336 0.504 0.002 0.004 0.995
   465 72986  6932  1933  5079    50  0.163 0.344 0.493 0.002 0.003 0.995
   470 73134  7006  1890  5121    50  0.165 0.349 0.485 0.002 0.003 0.995
   475 73838  6894  1884  5244    50  0.167 0.355 0.478 0.002 0.004 0.995
   480 73741  7094  1881  5241    50  0.169 0.359 0.472 0.002 0.004 0.995
   485 74059  7088  1936  5310    50  0.171 0.363 0.466 0.002 0.004 0.995
   490 74025  7110  1874  5140    50  0.172 0.366 0.462 0.002 0.004 0.995
   495 73778  7140  1832  5274    50  0.173 0.368 0.459 0.002 0.004 0.995
   500 73875  7227  1906  5255    50  0.173 0.369 0.458 0.002 0.003 0.995
   505 74065  7184  1896  5385    50  0.172 0.370 0.458 0.002 0.004 0.995
   510 74263  7001  1868  5352    50  0.172 0.371 0.458 0.002 0.004 0.995
   515 74227  7128  1837  5223    50  0.172 0.371 0.457 0.001 0.003 0.995
   520 74147  7132  1780  5259    50  0.171 0.370 0.458 0.001 0.003 0.996
   525 74027  7302  1860  5240    50  0.171 0.371 0.459 0.001 0.003 0.996
   530 74200  7210  1893  5248    50  0.170 0.369 0.461 0.001 0.003 0.996
   535 74012  7194  1861  5332    50  0.170 0.369 0.462 0.001 0.003 0.996
   540 74160  7057  1870  5254    50  0.169 0.367 0.464 0.001 0.003 0.996
   545 73735  7245  1858  5158    50  0.168 0.366 0.465 0.001 0.003 0.996
   550 74142  7156  1889  5139    50  0.168 0.365 0.467 0.001 0.003 0.996
   555 73921  7152  1873  5285    50  0.167 0.364 0.469 0.001 0.003 0.996
   560 74059  7229  1947  5253    50  0.166 0.362 0.472 0.001 0.003 0.995
   565 74058  7023  1924  5325    50  0.166 0.361 0.473 0.001 0.003 0.996
   570 73885  7119  1835  5233    50  0.164 0.360 0.475 0.001 0.003 0.996
   575 73678  7161  1878  5238    50  0.164 0.359 0.478 0.001 0.003 0.996
   580 73583  7088  1857  5144    50  0.164 0.358 0.478 0.001 0.003 0.996
   585 73478  7126  1881  5184    50  0.163 0.357 0.481 0.001 0.003 0.996
   590 73535  7072  1938  5140    50  0.163 0.355 0.483 0.001 0.002 0.996
   595 73460  7052  1988  5204    50  0.162 0.354 0.485 0.001 0.002 0.996
   600 73307  7237  1861  5218    50  0.161 0.352 0.488 0.001 0.002 0.997
   605 73404  7006  1962  5120    50  0.160 0.351 0.489 0.001 0.003 0.996
   610 73385  7091  1890  5089    50  0.160 0.350 0.490 0.001 0.003 0.996
   615 73155  7158  1960  5047    50  0.159 0.348 0.493 0.001 0.003 0.996
   620 73309  7002  1909  5138    50  0.159 0.347 0.495 0.001 0.003 0.996
   625 73436  7164  1990  5156    50  0.158 0.346 0.496 0.001 0.003 0.996
   630 73169  7028  1955  5019    50  0.158 0.345 0.498 0.001 0.003 0.996
   635 73169  6984  1933  5144    50  0.157 0.343 0.500 0.001 0.003 0.996
   640 73056  6964  1998  5033    50  0.157 0.342 0.500 0.001 0.003 0.996
   645 72881  7079  1889  5092    50  0.157 0.341 0.502 0.001 0.003 0.996
   650 72806  7111  1974  5095    50  0.156 0.339 0.504 0.001 0.003 0.996
   655 72935  6930  2049  5058    50  0.156 0.338 0.506 0.001 0.003 0.996
   660 72736  7117  1949  5088    50  0.155 0.336 0.508 0.001 0.003 0.996
   665 72778  7060  1946  5012    50  0.155 0.336 0.509 0.001 0.003 0.996
   670 72858  7064  1943  5150    50  0.155 0.335 0.511 0.001 0.003 0.996
   675 72712  7010  1926  5085    50  0.154 0.334 0.512 0.001 0.003 0.996
   680 72632  7032  1990  4873    50  0.154 0.333 0.514 0.001 0.003 0.996
   685 72294  6974  1967  4913    50  0.153 0.332 0.515 0.001 0.003 0.996
   690 72405  6992  2014  5002    50  0.153 0.331 0.515 0.001 0.003 0.996
   695 72575  6908  1956  4994    50  0.153 0.329 0.518 0.001 0.003 0.996
   700 72530  6967  1986  5031    50  0.152 0.328 0.519 0.001 0.003 0.996
   705 72197  7124  2004  4920    50  0.152 0.327 0.521 0.001 0.003 0.996
   710 72371  7031  2016  4978    50  0.151 0.326 0.523 0.002 0.003 0.995
   715 72368  6800  1974  4871    50  0.151 0.325 0.524 0.002 0.003 0.995
   720 72475  6910  2041  4956    50  0.150 0.324 0.526 0.001 0.003 0.995
   725 72342  7038  1939  4966    50  0.150 0.324 0.527 0.001 0.003 0.996
   730 72184  7040  2020  4881    50  0.149 0.322 0.529 0.001 0.003 0.996
   735 72141  7019  1997  4936    50  0.148 0.321 0.530 0.001 0.003 0.995
   740 72027  6985  2041  4971    50  0.147 0.320 0.533 0.002 0.003 0.995
   745 72135  7061  2054  4934    50  0.147 0.319 0.533 0.002 0.003 0.995
   750 71939  7111  2110  4926    50  0.147 0.318 0.535 0.001 0.003 0.995
   755 71932  6872  2048  4868    50  0.146 0.317 0.536 0.001 0.003 0.995
   760 71943  6949  2074  4857    50  0.146 0.316 0.538 0.001 0.003 0.995
   765 72024  6982  2065  4956    50  0.146 0.315 0.540 0.001 0.003 0.995
   770 72099  6902  2027  4897    50  0.145 0.314 0.541 0.001 0.003 0.996
   775 71911  7068  2088  5039    50  0.144 0.313 0.543 0.001 0.003 0.995
   780 71814  6932  2067  4863    50  0.144 0.312 0.544 0.001 0.003 0.995
   785 71719  6883  2181  4821    50  0.143 0.311 0.546 0.002 0.003 0.995
   790 71609  6753  2111  4800    50  0.143 0.310 0.547 0.002 0.004 0.995
   795 71621  6916  2109  4843    50  0.142 0.308 0.551 0.002 0.003 0.995
   800 71465  6858  2117  4825    48  0.142 0.307 0.551 0.002 0.003 0.995
   805 71577  6938  2117  4787    48  0.141 0.306 0.552 0.001 0.003 0.996
   810 71796  6748  2139  4873    48  0.141 0.306 0.553 0.001 0.003 0.995
   815 71395  7093  2118  4871    48  0.141 0.304 0.555 0.002 0.003 0.995
   820 71123  7038  2142  4640    48  0.140 0.303 0.557 0.002 0.003 0.995
   825 71358  6961  2151  4816    48  0.140 0.301 0.559 0.002 0.003 0.995
   830 71090  6892  2144  4721    46  0.140 0.300 0.560 0.001 0.003 0.995
   835 70926  6872  2156  4692    46  0.140 0.299 0.561 0.001 0.003 0.995
   840 71215  6844  2071  4654    46  0.140 0.298 0.562 0.001 0.003 0.995
   845 71340  6870  2091  4750    46  0.139 0.297 0.564 0.001 0.003 0.996
   850 70903  6773  2076  4704    46  0.138 0.296 0.566 0.001 0.003 0.996
   855 70943  6795  2189  4786    46  0.138 0.294 0.568 0.001 0.003 0.996
   860 70901  6893  2081  4681    46  0.137 0.294 0.569 0.001 0.003 0.996
   865 70900  6715  2158  4693    46  0.137 0.293 0.571 0.001 0.003 0.996
   870 70915  6770  2137  4574    46  0.137 0.292 0.572 0.001 0.003 0.995
   875 70672  6922  2177  4569    46  0.137 0.290 0.573 0.001 0.003 0.996
   880 70809  6781  2104  4653    46  0.137 0.289 0.574 0.002 0.003 0.995
   885 70640  6836  2187  4649    46  0.137 0.288 0.576 0.002 0.003 0.995
   890 70529  6939  2174  4643    46  0.136 0.287 0.577 0.002 0.003 0.995
   895 70252  6790  2232  4524    46  0.136 0.286 0.577 0.002 0.003 0.995
   900 70314  6817  2193  4621    45  0.136 0.285 0.579 0.002 0.003 0.995
   905 70412  6773  2185  4592    45  0.135 0.284 0.581 0.002 0.003 0.995
   910 70683  6759  2242  4725    45  0.135 0.283 0.582 0.002 0.003 0.995
   915 70446  6619  2141  4508    45  0.135 0.283 0.583 0.002 0.003 0.995
   920 70282  6876  2235  4520    45  0.134 0.282 0.584 0.002 0.003 0.995
   925 70381  6793  2150  4566    45  0.134 0.280 0.586 0.002 0.003 0.995
   930 70278  6812  2226  4533    45  0.134 0.279 0.587 0.001 0.003 0.996
   935 70052  6790  2256  4394    45  0.134 0.279 0.588 0.001 0.003 0.995
   940 70009  6706  2204  4435    45  0.133 0.277 0.590 0.002 0.003 0.995
   945 69726  6803  2211  4527    44  0.133 0.275 0.592 0.002 0.003 0.995
   950 70066  6748  2328  4473    44  0.133 0.274 0.592 0.002 0.003 0.995
   955 69945  6763  2214  4438    44  0.134 0.273 0.593 0.002 0.003 0.995
   960 69933  6806  2225  4410    44  0.133 0.273 0.594 0.002 0.003 0.995
   965 69496  6931  2303  4479    44  0.133 0.272 0.595 0.002 0.003 0.995
   970 69708  6688  2309  4551    44  0.133 0.271 0.597 0.002 0.004 0.995
   975 69787  6861  2277  4592    44  0.133 0.270 0.597 0.002 0.004 0.995
   980 69563  6694  2242  4516    42  0.133 0.269 0.598 0.002 0.004 0.995
   985 69396  6816  2282  4447    42  0.133 0.268 0.599 0.002 0.003 0.995
   990 69317  6713  2160  4499    41  0.132 0.267 0.600 0.002 0.003 0.995
   995 69358  6774  2259  4531    41  0.132 0.266 0.602 0.002 0.003 0.995
  1000 69588  6731  2250  4397    41  0.132 0.265 0.603 0.002 0.004 0.995
