 nmt =               50
 dmf =      T
 dff =      F
 vgr =       0.100000001    
 lde =       0.949999988    
 theta =     0.500000000    
 sigma =     0.500000000    
 ssr =                1
 dr =         5.00000007E-02
 mr =         9.99999978E-03
 spdispr =           30
 gs =               300
 ini =            60000
 ngen =            1000
 Myseed =         84563
 nmap =            1000
 Gen nind ndea nveg nspo num_mat veg_1 spo_1 mat_1 veg_2 spo_2 mat_2
     0 60000     0     0     0    50  0.333 0.334 0.333   NaN   NaN   NaN
     5 82556  3945  1026  4467    50  0.327 0.346 0.327 0.222 0.223 0.556
    10 84356  4164   769  3406    50  0.315 0.342 0.343 0.205 0.206 0.588
    15 84344  4150   718  3375    50  0.303 0.338 0.359 0.192 0.194 0.615
    20 84257  4075   711  3412    50  0.292 0.333 0.375 0.179 0.181 0.641
    25 83914  4057   776  3235    50  0.282 0.327 0.391 0.167 0.169 0.665
    30 83733  4110   775  3236    50  0.273 0.322 0.406 0.155 0.157 0.688
    35 83395  4098   812  3145    50  0.264 0.316 0.421 0.143 0.146 0.710
    40 83321  4064   845  3161    50  0.255 0.309 0.435 0.133 0.136 0.732
    45 82907  4082   903  3134    50  0.246 0.303 0.451 0.123 0.126 0.752
    50 82828  3966   883  3121    50  0.239 0.297 0.464 0.113 0.117 0.770
    55 82493  4093   883  3087    50  0.232 0.291 0.476 0.104 0.108 0.787
    60 82276  3994   893  3042    50  0.226 0.287 0.488 0.096 0.100 0.803
    65 82141  3948   939  2972    50  0.219 0.282 0.499 0.088 0.093 0.819
    70 81853  4050   933  3025    50  0.214 0.276 0.510 0.081 0.086 0.833
    75 81602  4061  1030  2983    50  0.208 0.273 0.519 0.075 0.079 0.846
    80 81429  3967  1055  2938    50  0.203 0.269 0.527 0.069 0.074 0.857
    85 81067  3996  1041  2894    50  0.199 0.266 0.535 0.064 0.069 0.868
    90 81068  3999  1073  2884    50  0.195 0.263 0.542 0.059 0.064 0.877
    95 80960  3929  1019  2937    50  0.192 0.261 0.547 0.054 0.059 0.887
   100 80802  3998  1095  2778    50  0.190 0.260 0.551 0.050 0.056 0.895
   105 80715  3873  1125  2849    50  0.187 0.258 0.555 0.046 0.052 0.902
   110 80412  3817  1059  2800    50  0.185 0.258 0.558 0.042 0.049 0.909
   115 80283  3877  1081  2781    50  0.183 0.257 0.560 0.039 0.046 0.915
   120 80330  3951  1086  2811    50  0.181 0.256 0.563 0.036 0.043 0.921
   125 80239  3921  1116  2793    50  0.180 0.256 0.564 0.033 0.040 0.927
   130 80359  3864  1215  2734    50  0.178 0.257 0.565 0.031 0.037 0.932
   135 79998  3974  1139  2682    50  0.177 0.257 0.566 0.028 0.035 0.937
   140 79972  3936  1192  2751    50  0.176 0.257 0.566 0.026 0.033 0.941
   145 79975  3832  1109  2754    50  0.176 0.258 0.567 0.024 0.031 0.945
   150 80052  3980  1103  2826    50  0.176 0.260 0.564 0.023 0.029 0.949
   155 80005  3879  1141  2766    50  0.175 0.262 0.563 0.021 0.027 0.952
   160 79844  3987  1108  2853    50  0.174 0.264 0.562 0.019 0.025 0.955
   165 79799  3955  1147  2766    50  0.173 0.265 0.562 0.018 0.024 0.959
   170 79981  3888  1128  2770    50  0.172 0.267 0.561 0.017 0.022 0.961
   175 80061  3874  1165  2731    50  0.171 0.268 0.561 0.015 0.020 0.964
   180 79863  3950  1111  2727    50  0.171 0.269 0.560 0.014 0.019 0.967
   185 80029  3882  1117  2809    50  0.171 0.272 0.557 0.013 0.018 0.969
   190 80005  3939  1162  2805    50  0.171 0.275 0.553 0.012 0.016 0.971
   195 79947  3994  1085  2819    50  0.171 0.276 0.553 0.011 0.015 0.973
   200 80017  3851  1131  2822    50  0.171 0.278 0.550 0.011 0.014 0.975
   205 80126  3971  1087  2762    50  0.172 0.280 0.548 0.010 0.013 0.977
   210 80234  3764  1118  2833    50  0.171 0.282 0.547 0.009 0.012 0.978
   215 80095  3881  1092  2794    50  0.171 0.284 0.545 0.009 0.011 0.980
   220 80168  3962  1200  2876    50  0.170 0.286 0.544 0.008 0.010 0.982
   225 80331  3922  1150  2822    50  0.170 0.287 0.542 0.008 0.010 0.983
   230 80274  4031  1050  2936    50  0.170 0.289 0.542 0.007 0.009 0.984
   235 80339  3941  1120  2801    50  0.170 0.291 0.539 0.006 0.008 0.985
   240 80203  4056  1149  2823    50  0.170 0.293 0.537 0.006 0.007 0.987
   245 80245  4043  1155  2859    50  0.170 0.295 0.535 0.006 0.007 0.988
   250 80322  3958  1118  2829    50  0.170 0.296 0.534 0.005 0.006 0.988
   255 80388  3864  1157  2793    50  0.170 0.298 0.533 0.005 0.006 0.989
   260 80432  3879  1084  2821    50  0.169 0.299 0.532 0.004 0.005 0.990
   265 80284  3979  1092  2909    50  0.169 0.301 0.530 0.004 0.005 0.991
   270 80361  4005  1070  2818    50  0.169 0.302 0.529 0.004 0.005 0.992
   275 80409  3941  1126  2854    50  0.168 0.303 0.529 0.004 0.004 0.992
   280 80392  4018  1096  2790    50  0.167 0.303 0.530 0.003 0.004 0.993
   285 80494  3987  1124  2990    50  0.166 0.303 0.531 0.003 0.003 0.993
   290 80232  4011  1103  2910    50  0.166 0.304 0.530 0.003 0.003 0.994
   295 80464  3899  1123  2820    50  0.166 0.305 0.529 0.003 0.003 0.995
   300 80533  3943  1083  2863    50  0.165 0.307 0.528 0.002 0.003 0.995
   305 80591  3881  1098  2787    50  0.165 0.307 0.528 0.002 0.002 0.995
   310 80568  3929  1086  2819    50  0.165 0.309 0.526 0.002 0.002 0.996
   315 80569  3938  1063  2848    50  0.165 0.311 0.524 0.002 0.002 0.996
   320 80818  3980  1090  2984    50  0.165 0.313 0.523 0.002 0.002 0.997
   325 80521  4052  1079  2884    50  0.164 0.314 0.522 0.002 0.002 0.997
   330 80930  3860  1107  2878    50  0.164 0.316 0.520 0.001 0.002 0.997
   335 80787  3856  1094  2868    50  0.164 0.318 0.518 0.001 0.002 0.997
   340 80990  3953  1063  2973    50  0.164 0.318 0.517 0.001 0.001 0.998
   345 80999  3959  1076  2898    50  0.165 0.321 0.514 0.001 0.001 0.998
   350 80948  3929  1079  2890    50  0.166 0.324 0.510 0.001 0.001 0.998
   355 80982  3985  1071  2895    50  0.167 0.327 0.506 0.001 0.001 0.998
   360 81159  3847  1029  2893    50  0.167 0.329 0.504 0.001 0.001 0.998
   365 80976  4038  1027  2919    50  0.167 0.330 0.502 0.001 0.001 0.999
   370 81024  4052  1023  3042    50  0.168 0.333 0.499 0.001 0.001 0.999
   375 81221  3909  1033  3099    50  0.169 0.336 0.495 0.001 0.001 0.999
   380 81242  3923  1019  2958    50  0.169 0.337 0.494 0.001 0.001 0.999
   385 81414  3951  1005  2955    50  0.168 0.338 0.494 0.001 0.001 0.999
   390 81421  3995  1026  2952    50  0.168 0.339 0.494 0.000 0.001 0.999
   395 81080  4045  1013  2935    50  0.166 0.337 0.497 0.000 0.001 0.999
   400 81353  3956   994  2980    50  0.165 0.335 0.501 0.000 0.001 0.999
   405 80992  4092   983  2910    50  0.163 0.332 0.506 0.000 0.001 0.999
   410 81079  3943  1061  2918    50  0.160 0.329 0.511 0.000 0.001 0.999
   415 80983  3841  1043  2896    50  0.159 0.327 0.514 0.000 0.001 0.999
   420 81034  3976  1041  2973    50  0.157 0.324 0.518 0.000 0.001 1.000
   425 81024  3924  1080  2777    50  0.157 0.322 0.521 0.000 0.001 1.000
   430 80781  4044  1108  2846    50  0.156 0.321 0.523 0.000 0.000 1.000
   435 80841  4014  1027  2916    50  0.155 0.320 0.524 0.000 0.001 0.999
   440 80733  3903  1029  2990    50  0.155 0.320 0.525 0.000 0.001 0.999
   445 80769  3954  1004  3028    50  0.154 0.320 0.525 0.000 0.000 1.000
   450 80773  3869  1040  2751    50  0.155 0.321 0.524 0.000 0.000 1.000
   455 81070  3982  1044  2923    50  0.156 0.324 0.520 0.000 0.000 0.999
   460 80923  4025  1021  2950    50  0.157 0.327 0.517 0.000 0.001 0.999
   465 81038  4067   984  2961    50  0.158 0.331 0.511 0.000 0.000 0.999
   470 81240  4055  1041  2989    50  0.160 0.336 0.504 0.000 0.000 0.999
   475 81153  4037  1026  2940    50  0.162 0.341 0.497 0.000 0.000 1.000
   480 81449  4120  1018  3128    50  0.165 0.347 0.488 0.000 0.000 1.000
   485 81762  3956  1027  2967    50  0.168 0.354 0.478 0.000 0.000 1.000
   490 81735  4107   981  3069    50  0.171 0.361 0.468 0.000 0.000 1.000
   495 81989  4059   952  2974    50  0.173 0.368 0.459 0.000 0.000 1.000
   500 82117  3994   960  3027    50  0.175 0.375 0.450 0.000 0.000 1.000
   505 82228  4015   943  3084    50  0.177 0.380 0.443 0.000 0.000 1.000
   510 82386  4018   943  3090    50  0.177 0.383 0.440 0.000 0.000 1.000
   515 82265  4054   902  3204    50  0.176 0.384 0.439 0.000 0.000 1.000
   520 82202  3990   909  2971    50  0.174 0.382 0.445 0.000 0.000 1.000
   525 82109  4055   945  3105    50  0.170 0.375 0.455 0.000 0.000 1.000
   530 81986  3981   960  3058    50  0.167 0.368 0.465 0.000 0.000 1.000
   535 81968  3993   971  2928    50  0.162 0.359 0.479 0.000 0.000 1.000
   540 81701  3940  1001  2923    50  0.158 0.351 0.490 0.000 0.000 1.000
   545 81560  3936  1033  2957    50  0.156 0.345 0.499 0.000 0.000 1.000
   550 81363  4067  1007  3058    50  0.154 0.342 0.505 0.000 0.000 1.000
   555 81025  4066  1005  2992    50  0.152 0.339 0.509 0.000 0.000 1.000
   560 81323  3965  1047  3009    50  0.151 0.338 0.511 0.000 0.000 1.000
   565 81505  3826  1041  3008    50  0.152 0.339 0.509 0.000 0.000 1.000
   570 81404  3961  1016  3054    50  0.153 0.343 0.503 0.000 0.000 1.000
   575 81415  3994  1001  2990    50  0.154 0.347 0.498 0.000 0.000 1.000
   580 81300  4127  1036  3070    50  0.156 0.353 0.491 0.000 0.000 1.000
   585 81712  3977  1000  3172    50  0.158 0.359 0.483 0.000 0.000 1.000
   590 81756  3985   940  3011    50  0.160 0.365 0.475 0.000 0.000 1.000
   595 81815  4044   940  3112    50  0.163 0.371 0.466 0.000 0.000 1.000
   600 82132  4027   937  3126    50  0.164 0.377 0.459 0.000 0.000 1.000
   605 82211  4116   961  3196    50  0.166 0.384 0.450 0.000 0.000 1.000
   610 82512  3978   872  3119    50  0.167 0.389 0.443 0.000 0.000 1.000
   615 82410  4104   927  3249    50  0.169 0.395 0.436 0.000 0.000 1.000
   620 82669  4041   911  3187    50  0.171 0.400 0.429 0.000 0.000 1.000
   625 82884  3851   877  3176    50  0.172 0.404 0.424 0.000 0.000 1.000
   630 82808  4074   906  3194    50  0.173 0.407 0.420 0.000 0.000 1.000
   635 82801  4103   886  3244    50  0.173 0.410 0.416 0.000 0.000 1.000
   640 82873  4024   845  3310    50  0.174 0.413 0.413 0.000 0.000 1.000
   645 82734  4113   896  3181    50  0.174 0.416 0.410 0.000 0.000 1.000
   650 82888  4002   854  3122    50  0.174 0.418 0.408 0.000 0.000 1.000
   655 83033  3888   792  3219    50  0.174 0.420 0.406 0.000 0.000 1.000
   660 82936  4076   878  3203    50  0.174 0.420 0.406 0.000 0.000 1.000
   665 83028  4187   897  3218    50  0.173 0.421 0.406 0.000 0.000 1.000
   670 82916  4177   792  3198    50  0.174 0.421 0.405 0.000 0.000 1.000
   675 82916  4152   882  3162    50  0.173 0.422 0.405 0.000 0.000 1.000
   680 82929  4069   871  3225    50  0.172 0.422 0.406 0.000 0.000 1.000
   685 82972  4117   870  3246    50  0.172 0.421 0.407 0.000 0.000 1.000
   690 82933  4122   874  3294    50  0.172 0.421 0.407 0.000 0.000 1.000
   695 82981  3903   820  3212    50  0.171 0.422 0.407 0.000 0.000 1.000
   700 82892  4123   873  3154    50  0.170 0.422 0.409 0.000 0.000 1.000
   705 82922  4095   899  3148    50  0.169 0.422 0.409 0.000 0.000 1.000
   710 82906  3960   849  3075    50  0.169 0.421 0.410 0.000 0.000 1.000
   715 83007  4079   859  3254    50  0.168 0.420 0.412 0.000 0.000 1.000
   720 82940  4057   885  3219    50  0.167 0.420 0.413 0.000 0.000 1.000
   725 83015  4061   922  3165    50  0.167 0.419 0.414 0.000 0.000 1.000
   730 83082  4080   897  3220    50  0.166 0.419 0.415 0.000 0.000 1.000
   735 82930  4141   847  3275    50  0.165 0.418 0.417 0.000 0.000 1.000
   740 83019  4161   853  3219    50  0.165 0.417 0.417 0.000 0.000 1.000
   745 83030  4008   881  3125    50  0.164 0.417 0.419 0.000 0.000 1.000
   750 82930  4064   893  3216    50  0.164 0.415 0.421 0.000 0.000 1.000
   755 82940  3978   880  3233    50  0.163 0.415 0.422 0.000 0.000 1.000
   760 82925  4006   913  3170    50  0.162 0.414 0.424 0.000 0.000 1.000
   765 82927  4127   841  3162    50  0.162 0.414 0.425 0.000 0.000 1.000
   770 82779  4130   867  3216    50  0.161 0.413 0.426 0.000 0.000 1.000
   775 82989  4032   890  3160    50  0.160 0.412 0.428 0.000 0.000 1.000
   780 82827  4116   886  3185    50  0.160 0.411 0.429 0.000 0.000 1.000
   785 82851  3997   875  3155    50  0.160 0.410 0.431 0.000 0.000 1.000
   790 82668  4077   845  3217    50  0.159 0.409 0.433 0.000 0.000 1.000
   795 82605  4075   879  3134    50  0.158 0.408 0.433 0.000 0.000 1.000
   800 82748  3958   854  3156    50  0.157 0.407 0.436 0.000 0.000 1.000
   805 82779  4089   938  3117    50  0.157 0.406 0.437 0.000 0.000 1.000
   810 82694  4181   893  3182    50  0.156 0.405 0.439 0.000 0.000 1.000
   815 82631  4124   933  3118    50  0.156 0.405 0.440 0.000 0.000 1.000
   820 82816  4155   923  3262    50  0.155 0.404 0.441 0.000 0.000 1.000
   825 82650  4065   869  3060    50  0.154 0.403 0.443 0.000 0.000 1.000
   830 82493  4182   869  3136    50  0.154 0.402 0.444 0.000 0.000 1.000
   835 82555  4042   896  3079    50  0.153 0.401 0.446 0.000 0.000 1.000
   840 82707  4122   929  3162    50  0.152 0.400 0.448 0.000 0.000 1.000
   845 82616  4055   931  3139    50  0.151 0.399 0.449 0.000 0.000 1.000
   850 82715  4084   896  3146    50  0.151 0.399 0.450 0.000 0.000 1.000
   855 82636  4015   798  3170    50  0.151 0.397 0.452 0.000 0.000 1.000
   860 82689  4010   947  3134    50  0.150 0.397 0.453 0.000 0.000 1.000
   865 82635  4108   877  3144    50  0.150 0.395 0.455 0.000 0.000 1.000
   870 82633  4051   997  3086    50  0.150 0.395 0.456 0.000 0.000 1.000
   875 82541  4059   947  3139    50  0.149 0.393 0.457 0.000 0.000 1.000
   880 82590  4060   936  3153    50  0.149 0.392 0.459 0.000 0.000 1.000
   885 82627  3938   842  3102    50  0.148 0.391 0.460 0.000 0.000 1.000
   890 82470  4006   859  3087    50  0.148 0.391 0.462 0.000 0.000 1.000
   895 82354  4004   911  3102    50  0.148 0.390 0.463 0.000 0.000 1.000
   900 82514  3945   991  2960    50  0.148 0.389 0.464 0.000 0.000 1.000
   905 82408  4055   927  3123    50  0.147 0.387 0.466 0.000 0.000 1.000
   910 82443  4020   880  3089    50  0.147 0.386 0.467 0.000 0.000 1.000
   915 82332  4105   957  3028    50  0.146 0.385 0.468 0.000 0.000 1.000
   920 82156  4110   914  3095    50  0.146 0.384 0.470 0.000 0.000 1.000
   925 82504  3927   940  3101    50  0.145 0.383 0.472 0.000 0.000 1.000
   930 82334  4027   940  3012    50  0.145 0.383 0.472 0.000 0.000 1.000
   935 82293  4153   926  3156    50  0.144 0.381 0.474 0.000 0.000 1.000
   940 82326  4109   926  3170    49  0.144 0.381 0.475 0.000 0.000 1.000
   945 82222  4115   926  3113    49  0.144 0.380 0.476 0.000 0.000 1.000
   950 82285  3973   914  3101    49  0.144 0.379 0.477 0.000 0.000 1.000
   955 82286  3969   975  3040    49  0.144 0.378 0.478 0.000 0.000 1.000
   960 82207  4011   956  3113    49  0.143 0.378 0.479 0.000 0.000 1.000
   965 82162  4058   946  3103    49  0.143 0.377 0.481 0.000 0.000 1.000
   970 82258  4021   963  3065    49  0.142 0.376 0.482 0.000 0.000 1.000
   975 82113  4044   949  3086    49  0.143 0.375 0.483 0.000 0.000 1.000
   980 82116  4067   945  3028    49  0.142 0.374 0.484 0.000 0.000 1.000
   985 82179  3943   866  3043    49  0.142 0.373 0.485 0.000 0.000 1.000
   990 81994  4143   957  3118    49  0.141 0.372 0.487 0.000 0.000 1.000
   995 82091  4111   957  3094    49  0.141 0.371 0.488 0.000 0.000 1.000
  1000 82232  4034   984  3064    49  0.140 0.370 0.489 0.000 0.000 1.000
