 nmt =               50
 dmf =      T
 dff =      F
 vgr =       0.100000001    
 lde =       0.949999988    
 theta =     0.500000000    
 sigma =     0.500000000    
 ssr =                1
 dr =        0.250000000    
 mr =         9.99999978E-03
 spdispr =           30
 gs =               300
 ini =            60000
 ngen =            1000
 Myseed =         84563
 nmap =            1000
 Gen nind ndea nveg nspo num_mat veg_1 spo_1 mat_1 veg_2 spo_2 mat_2
     0 60000     0     0     0    50  0.333 0.334 0.332   NaN   NaN   NaN
     5 58491 13477  3613 10059    50  0.310 0.347 0.343 0.232 0.240 0.528
    10 58224 13331  3600  9511    50  0.278 0.339 0.384 0.198 0.213 0.589
    15 56620 13058  3643  9136    50  0.251 0.325 0.424 0.169 0.189 0.641
    20 55130 12558  3832  8596    50  0.231 0.311 0.457 0.145 0.170 0.685
    25 53447 12195  3859  8068    50  0.214 0.299 0.487 0.126 0.151 0.723
    30 52167 11928  4074  7777    50  0.198 0.289 0.513 0.110 0.138 0.752
    35 50976 11727  4025  7479    50  0.187 0.281 0.531 0.098 0.127 0.775
    40 50035 11673  4058  7237    50  0.179 0.277 0.545 0.088 0.118 0.794
    45 49438 11359  4004  7141    50  0.173 0.277 0.551 0.080 0.111 0.809
    50 48820 11404  4116  6934    50  0.166 0.279 0.555 0.073 0.106 0.821
    55 49031 11254  4124  7214    50  0.163 0.284 0.553 0.070 0.103 0.827
    60 48664 11126  4095  7115    50  0.159 0.287 0.553 0.065 0.100 0.835
    65 49064 11397  4211  7102    50  0.158 0.296 0.546 0.061 0.096 0.843
    70 49376 11444  4120  7296    50  0.155 0.305 0.540 0.056 0.093 0.851
    75 49497 11517  4220  7342    50  0.155 0.312 0.533 0.054 0.091 0.854
    80 50274 11460  4036  7471    50  0.153 0.317 0.530 0.052 0.090 0.859
    85 50295 11523  4147  7395    50  0.151 0.321 0.527 0.050 0.088 0.861
    90 50221 11679  4089  7500    50  0.150 0.326 0.525 0.048 0.088 0.864
    95 50661 11542  4144  7668    50  0.149 0.328 0.523 0.046 0.087 0.866
   100 50676 11642  4058  7567    50  0.146 0.329 0.525 0.045 0.087 0.868
   105 50620 11739  4112  7619    50  0.145 0.333 0.522 0.043 0.085 0.872
   110 50695 11786  4056  7865    50  0.144 0.334 0.522 0.042 0.084 0.874
   115 51006 11759  4075  7725    50  0.143 0.338 0.519 0.041 0.084 0.875
   120 50738 11795  4105  7566    50  0.142 0.340 0.518 0.039 0.083 0.877
   125 51532 11776  4104  7804    50  0.139 0.340 0.521 0.038 0.083 0.878
   130 51349 11822  3957  7910    50  0.139 0.341 0.519 0.037 0.083 0.879
   135 50786 11749  4093  7790    50  0.137 0.339 0.524 0.036 0.081 0.883
   140 50618 11681  3989  7690    50  0.136 0.336 0.528 0.035 0.079 0.886
   145 50705 11710  4161  7651    50  0.134 0.336 0.530 0.034 0.078 0.888
   150 50286 11737  4112  7480    50  0.134 0.337 0.529 0.034 0.078 0.888
   155 50548 11690  4000  7640    50  0.132 0.335 0.533 0.034 0.079 0.887
   160 50581 11555  4074  7552    50  0.130 0.333 0.537 0.034 0.078 0.888
   165 50121 11570  4005  7509    50  0.128 0.332 0.540 0.033 0.078 0.889
   170 50312 11555  4122  7529    50  0.126 0.330 0.543 0.034 0.079 0.887
   175 50504 11558  4059  7453    50  0.124 0.330 0.546 0.032 0.077 0.891
   180 50551 11578  4057  7665    50  0.123 0.329 0.547 0.031 0.077 0.892
   185 50313 11626  4000  7365    50  0.123 0.329 0.548 0.030 0.076 0.894
   190 50111 11555  4125  7510    50  0.121 0.328 0.551 0.030 0.075 0.895
   195 49996 11542  4174  7471    50  0.119 0.324 0.557 0.029 0.074 0.896
   200 49733 11632  4062  7347    50  0.117 0.323 0.560 0.029 0.075 0.896
   205 49897 11613  4133  7448    50  0.116 0.323 0.561 0.029 0.075 0.896
   210 49480 11408  4090  7223    50  0.115 0.320 0.565 0.029 0.075 0.896
   215 49167 11449  4266  7238    50  0.113 0.316 0.571 0.029 0.074 0.898
   220 48988 11534  4165  7245    50  0.113 0.317 0.570 0.028 0.075 0.897
   225 49157 11411  4224  7141    50  0.112 0.315 0.573 0.028 0.075 0.897
   230 49172 11456  4095  7244    50  0.110 0.314 0.576 0.028 0.073 0.899
   235 48998 11389  4161  7002    50  0.110 0.313 0.577 0.027 0.072 0.901
   240 48843 11203  4104  7045    50  0.109 0.310 0.581 0.027 0.071 0.902
   245 48931 11395  4156  7049    50  0.108 0.308 0.584 0.027 0.073 0.900
   250 48638 11026  4184  7011    50  0.107 0.306 0.587 0.028 0.073 0.899
   255 48705 11119  4113  7146    50  0.106 0.306 0.587 0.028 0.073 0.899
   260 48766 11185  4114  7208    50  0.106 0.307 0.586 0.027 0.073 0.899
   265 48458 11080  4139  6997    50  0.105 0.306 0.589 0.027 0.073 0.900
   270 47979 11221  4145  6928    50  0.105 0.305 0.590 0.026 0.072 0.901
   275 48315 11113  4309  6980    50  0.104 0.302 0.593 0.027 0.075 0.898
   280 48357 11294  4217  6894    50  0.103 0.299 0.597 0.027 0.074 0.899
   285 48278 11130  4294  6872    50  0.103 0.297 0.600 0.027 0.074 0.899
   290 47844 11033  4263  6808    50  0.102 0.296 0.602 0.027 0.073 0.900
   295 47710 11105  4204  6682    50  0.102 0.296 0.602 0.027 0.074 0.899
   300 47828 11085  4170  6829    50  0.102 0.297 0.601 0.027 0.073 0.900
   305 47871 11025  4152  6739    50  0.101 0.294 0.605 0.027 0.075 0.898
   310 48269 10970  4326  6880    50  0.101 0.293 0.606 0.027 0.075 0.898
   315 47932 11028  4300  6951    50  0.100 0.293 0.607 0.027 0.074 0.899
   320 47827 10982  4189  6835    50  0.099 0.290 0.611 0.026 0.073 0.900
   325 47468 11097  4228  6708    50  0.098 0.287 0.614 0.026 0.072 0.902
   330 47161 10966  4154  6654    50  0.098 0.285 0.617 0.027 0.073 0.901
   335 47075 10892  4350  6638    50  0.097 0.282 0.620 0.027 0.073 0.900
   340 46986 10886  4331  6589    50  0.097 0.283 0.619 0.027 0.073 0.900
   345 46885 10875  4307  6595    50  0.097 0.281 0.622 0.027 0.074 0.899
   350 46657 10767  4388  6520    50  0.097 0.280 0.623 0.028 0.076 0.897
   355 46584 10898  4243  6537    50  0.096 0.279 0.626 0.027 0.076 0.897
   360 46851 10710  4384  6555    50  0.096 0.277 0.627 0.027 0.074 0.899
   365 46735 10688  4344  6564    50  0.095 0.276 0.630 0.026 0.075 0.899
   370 46680 10724  4387  6479    50  0.094 0.275 0.630 0.026 0.072 0.902
   375 46072 10657  4326  6354    50  0.094 0.273 0.634 0.026 0.071 0.902
   380 46273 10725  4326  6479    50  0.093 0.272 0.635 0.026 0.072 0.902
   385 45592 10748  4346  6292    50  0.093 0.270 0.637 0.026 0.070 0.904
   390 45942 10543  4284  6418    50  0.093 0.270 0.636 0.027 0.073 0.901
   395 46072 10641  4363  6340    50  0.093 0.268 0.639 0.026 0.072 0.902
   400 45857 10695  4390  6272    50  0.092 0.266 0.642 0.026 0.073 0.900
   405 45752 10538  4233  6250    50  0.091 0.265 0.644 0.026 0.072 0.903
   410 45617 10526  4303  6200    50  0.091 0.264 0.645 0.026 0.072 0.902
   415 45368 10576  4313  6173    50  0.090 0.262 0.648 0.026 0.071 0.903
   420 45415 10609  4397  6075    50  0.090 0.261 0.649 0.025 0.071 0.904
   425 45180 10597  4364  6139    50  0.090 0.260 0.650 0.025 0.070 0.905
   430 44813 10473  4417  6043    50  0.090 0.258 0.652 0.025 0.070 0.905
   435 44759 10444  4397  6047    50  0.090 0.258 0.652 0.026 0.071 0.903
   440 45407 10512  4202  6200    50  0.090 0.257 0.653 0.026 0.071 0.903
   445 45341 10523  4481  6201    50  0.090 0.256 0.654 0.026 0.070 0.905
   450 44979 10606  4467  6030    50  0.089 0.255 0.656 0.025 0.070 0.905
   455 45218 10281  4465  6068    50  0.090 0.254 0.656 0.025 0.070 0.905
   460 44809 10253  4360  6033    50  0.089 0.252 0.659 0.026 0.070 0.904
   465 44804 10389  4312  6061    50  0.089 0.251 0.660 0.026 0.070 0.904
   470 44475 10371  4420  5919    50  0.088 0.249 0.663 0.026 0.070 0.904
   475 44211 10499  4488  5850    50  0.088 0.249 0.663 0.026 0.071 0.902
   480 44326 10331  4345  5952    50  0.089 0.250 0.661 0.026 0.072 0.902
   485 44423 10538  4381  5922    50  0.087 0.250 0.663 0.027 0.072 0.901
   490 44338 10363  4355  5915    50  0.087 0.248 0.664 0.027 0.073 0.899
   495 44170 10150  4324  5947    50  0.087 0.247 0.666 0.027 0.074 0.899
   500 44343 10346  4554  6010    50  0.087 0.246 0.668 0.027 0.073 0.900
   505 44312 10380  4260  5958    50  0.087 0.245 0.668 0.027 0.074 0.899
   510 44527 10298  4388  5941    50  0.086 0.247 0.667 0.027 0.074 0.899
   515 44274 10200  4334  5852    50  0.086 0.245 0.669 0.026 0.073 0.901
   520 44114 10358  4531  5655    50  0.085 0.242 0.672 0.027 0.072 0.901
   525 44310 10346  4478  5991    50  0.086 0.241 0.673 0.027 0.074 0.899
   530 43860 10308  4423  5747    49  0.085 0.240 0.675 0.027 0.074 0.899
   535 43999 10161  4475  5816    49  0.085 0.240 0.676 0.028 0.075 0.898
   540 43912 10233  4528  5791    49  0.085 0.240 0.675 0.027 0.074 0.899
   545 43747 10237  4391  5760    49  0.085 0.239 0.676 0.027 0.073 0.900
   550 43668 10155  4396  5731    49  0.085 0.238 0.677 0.027 0.073 0.900
   555 43527 10160  4482  5677    49  0.084 0.236 0.680 0.027 0.072 0.901
   560 43425 10052  4460  5699    49  0.084 0.234 0.683 0.026 0.071 0.903
   565 42846 10069  4602  5603    49  0.084 0.235 0.681 0.026 0.071 0.903
   570 42907 10081  4477  5519    49  0.084 0.233 0.684 0.026 0.071 0.903
   575 42850 10173  4544  5599    49  0.084 0.232 0.684 0.027 0.072 0.901
   580 43077 10021  4455  5560    49  0.084 0.230 0.686 0.027 0.071 0.903
   585 43297 10033  4398  5524    49  0.084 0.230 0.686 0.026 0.069 0.904
   590 42587  9931  4455  5464    49  0.083 0.228 0.689 0.026 0.070 0.904
   595 42606  9950  4462  5494    49  0.083 0.228 0.688 0.026 0.070 0.904
   600 42557 10085  4535  5473    49  0.083 0.227 0.691 0.026 0.069 0.904
   605 42300  9941  4424  5431    49  0.082 0.226 0.692 0.027 0.069 0.904
   610 42203  9872  4388  5359    49  0.082 0.225 0.693 0.027 0.069 0.904
   615 42128  9785  4469  5393    49  0.082 0.224 0.694 0.027 0.070 0.903
   620 42258  9984  4531  5371    49  0.082 0.223 0.694 0.028 0.071 0.901
   625 42411  9877  4433  5166    49  0.082 0.223 0.695 0.028 0.071 0.901
   630 42214  9791  4498  5333    49  0.083 0.223 0.695 0.027 0.070 0.902
   635 42453  9829  4488  5357    49  0.083 0.224 0.693 0.028 0.072 0.900
   640 42394  9875  4553  5381    49  0.083 0.223 0.694 0.028 0.073 0.899
   645 42295  9829  4535  5414    49  0.083 0.222 0.695 0.028 0.073 0.900
   650 42326  9941  4523  5321    49  0.083 0.222 0.695 0.028 0.072 0.900
   655 42530  9919  4536  5483    49  0.083 0.221 0.696 0.028 0.072 0.899
   660 42496  9834  4515  5323    49  0.082 0.217 0.701 0.028 0.073 0.899
   665 41974  9794  4514  5299    49  0.082 0.216 0.702 0.028 0.070 0.902
   670 42008  9876  4520  5208    49  0.081 0.216 0.703 0.027 0.071 0.902
   675 41804  9692  4426  5147    49  0.082 0.216 0.702 0.027 0.070 0.903
   680 41859  9871  4524  5207    49  0.081 0.215 0.704 0.027 0.070 0.902
   685 41626  9803  4557  5219    49  0.081 0.213 0.706 0.027 0.068 0.905
   690 41406  9474  4462  5072    49  0.081 0.211 0.708 0.027 0.069 0.904
   695 40894  9580  4501  4992    49  0.080 0.209 0.711 0.027 0.068 0.905
   700 40848  9536  4528  4973    49  0.079 0.208 0.713 0.027 0.068 0.905
   705 40860  9577  4669  5025    49  0.079 0.208 0.713 0.028 0.069 0.903
   710 40525  9665  4536  4907    49  0.079 0.207 0.714 0.029 0.070 0.901
   715 40841  9595  4543  5115    49  0.079 0.207 0.714 0.029 0.071 0.900
   720 41111  9376  4524  5052    49  0.080 0.207 0.714 0.028 0.070 0.901
   725 40550  9526  4523  4891    49  0.079 0.206 0.715 0.028 0.070 0.902
   730 40713  9466  4556  5009    48  0.080 0.206 0.714 0.029 0.070 0.901
   735 40752  9525  4480  4970    48  0.080 0.205 0.714 0.029 0.071 0.901
   740 40746  9585  4499  4997    48  0.080 0.204 0.716 0.029 0.070 0.901
   745 40593  9426  4494  4826    48  0.079 0.203 0.718 0.029 0.070 0.901
   750 40177  9428  4440  4882    47  0.079 0.201 0.719 0.029 0.069 0.902
   755 40116  9313  4543  4823    47  0.079 0.200 0.720 0.029 0.072 0.899
   760 40103  9358  4570  4864    47  0.079 0.199 0.721 0.030 0.071 0.900
   765 40398  9300  4585  4881    47  0.080 0.199 0.722 0.030 0.070 0.900
   770 40193  9329  4524  4866    47  0.079 0.198 0.723 0.029 0.069 0.903
   775 40064  9337  4572  4838    47  0.080 0.198 0.723 0.029 0.070 0.901
   780 40011  9527  4518  4913    47  0.079 0.197 0.724 0.029 0.069 0.902
   785 39545  9354  4558  4754    47  0.079 0.197 0.724 0.029 0.068 0.903
   790 39762  9250  4497  4773    47  0.079 0.195 0.726 0.029 0.069 0.902
   795 39869  9273  4572  4704    47  0.079 0.193 0.729 0.029 0.069 0.902
   800 39585  9222  4387  4694    47  0.079 0.194 0.727 0.029 0.069 0.902
   805 39522  9245  4575  4662    47  0.079 0.194 0.727 0.029 0.070 0.901
   810 39434  9246  4454  4675    47  0.079 0.194 0.727 0.030 0.070 0.900
   815 39552  9261  4589  4672    47  0.079 0.194 0.727 0.030 0.070 0.901
   820 39780  9328  4598  4801    47  0.079 0.193 0.728 0.030 0.069 0.901
   825 39491  9372  4519  4694    47  0.079 0.193 0.728 0.029 0.069 0.902
   830 40001  9286  4655  4885    47  0.079 0.192 0.730 0.030 0.071 0.899
   835 39794  9345  4461  4838    47  0.079 0.191 0.730 0.030 0.070 0.900
   840 39557  9298  4555  4667    47  0.079 0.191 0.730 0.030 0.071 0.899
   845 39229  9184  4546  4603    47  0.078 0.190 0.731 0.030 0.070 0.900
   850 39130  9081  4589  4650    47  0.079 0.189 0.732 0.030 0.069 0.901
   855 39253  9152  4600  4595    47  0.079 0.190 0.731 0.030 0.070 0.901
   860 39580  9172  4500  4755    47  0.079 0.188 0.733 0.030 0.069 0.901
   865 39237  9395  4533  4645    47  0.079 0.188 0.733 0.030 0.069 0.901
   870 39302  9226  4582  4691    47  0.079 0.187 0.733 0.030 0.068 0.903
   875 38912  9143  4580  4510    47  0.079 0.188 0.732 0.030 0.067 0.904
   880 38807  9262  4562  4555    47  0.080 0.187 0.733 0.030 0.068 0.902
   885 39232  9153  4544  4633    47  0.079 0.185 0.735 0.031 0.070 0.899
   890 39077  9078  4599  4639    47  0.079 0.186 0.735 0.031 0.071 0.898
   895 39048  9182  4663  4549    47  0.079 0.184 0.737 0.031 0.070 0.899
   900 38988  9110  4575  4482    47  0.079 0.183 0.738 0.030 0.069 0.901
   905 38964  9101  4513  4650    47  0.078 0.182 0.739 0.031 0.068 0.901
   910 38824  8979  4584  4480    47  0.079 0.182 0.739 0.031 0.068 0.901
   915 38868  9121  4629  4478    47  0.079 0.182 0.739 0.031 0.068 0.901
   920 38960  9168  4487  4540    47  0.079 0.181 0.740 0.031 0.067 0.902
   925 38643  8977  4532  4496    47  0.080 0.181 0.739 0.031 0.067 0.902
   930 38581  9025  4625  4474    47  0.079 0.180 0.741 0.031 0.067 0.902
   935 38482  9010  4473  4454    47  0.079 0.181 0.740 0.031 0.069 0.900
   940 38732  9035  4506  4504    47  0.079 0.180 0.741 0.032 0.070 0.898
   945 38701  9141  4660  4483    47  0.079 0.180 0.741 0.032 0.069 0.899
   950 38664  9064  4505  4394    47  0.078 0.180 0.742 0.032 0.069 0.899
   955 38515  9020  4470  4482    47  0.079 0.180 0.742 0.031 0.069 0.900
   960 38276  9167  4458  4454    47  0.078 0.179 0.743 0.032 0.070 0.898
   965 38804  9042  4557  4472    47  0.077 0.178 0.745 0.032 0.070 0.898
   970 38373  8929  4473  4314    47  0.077 0.177 0.746 0.032 0.070 0.898
   975 38209  9013  4603  4413    47  0.078 0.177 0.746 0.031 0.069 0.900
   980 38273  8910  4483  4373    47  0.077 0.176 0.747 0.031 0.069 0.900
   985 38462  9151  4596  4452    47  0.078 0.176 0.746 0.031 0.068 0.901
   990 38247  9013  4624  4414    47  0.077 0.175 0.748 0.031 0.068 0.900
   995 37987  8859  4572  4283    47  0.077 0.175 0.749 0.031 0.068 0.901
  1000 37976  8966  4505  4305    47  0.076 0.174 0.750 0.031 0.068 0.901
