 nmt =               50
 dmf =      T
 dff =      F
 vgr =       0.100000001    
 lde =       0.949999988    
 theta =     0.500000000    
 sigma =     0.500000000    
 ssr =                1
 dr =        0.300000012    
 mr =         5.99999987E-02
 spdispr =           30
 gs =               300
 ini =            60000
 ngen =            1000
 Myseed =         84563
 nmap =            1000
 Gen nind ndea nveg nspo num_mat veg_1 spo_1 mat_1 veg_2 spo_2 mat_2
     0 60000     0     0     0    50  0.334 0.334 0.332   NaN   NaN   NaN
     5 52711 14076  3988  9940    50  0.312 0.346 0.342 0.240 0.243 0.516
    10 51476 13946  4135  9772    50  0.282 0.339 0.379 0.209 0.223 0.569
    15 50221 13543  4173  9181    50  0.257 0.330 0.413 0.183 0.204 0.614
    20 48976 13324  4212  8816    50  0.235 0.321 0.444 0.162 0.187 0.651
    25 47741 12958  4288  8582    50  0.219 0.313 0.468 0.145 0.173 0.682
    30 46123 12674  4334  8120    50  0.206 0.308 0.486 0.131 0.162 0.707
    35 45461 12235  4422  7908    50  0.196 0.304 0.500 0.118 0.152 0.729
    40 44306 12157  4380  7506    50  0.189 0.305 0.506 0.111 0.144 0.745
    45 44166 11985  4379  7641    50  0.182 0.308 0.510 0.104 0.140 0.756
    50 43878 12111  4495  7533    50  0.178 0.313 0.509 0.099 0.138 0.764
    55 44329 12044  4490  7636    50  0.174 0.321 0.505 0.096 0.134 0.770
    60 44753 12116  4473  7783    50  0.170 0.329 0.501 0.092 0.134 0.773
    65 45133 12095  4441  7886    50  0.168 0.336 0.496 0.088 0.130 0.782
    70 45268 12332  4399  7982    50  0.165 0.343 0.491 0.083 0.128 0.789
    75 45682 12595  4348  8072    50  0.163 0.352 0.485 0.080 0.127 0.793
    80 46269 12467  4463  8143    50  0.162 0.358 0.480 0.077 0.127 0.796
    85 46376 12875  4388  8307    50  0.161 0.362 0.477 0.074 0.127 0.799
    90 46934 12588  4454  8493    50  0.160 0.371 0.469 0.074 0.128 0.798
    95 47150 13027  4298  8656    50  0.158 0.377 0.465 0.072 0.129 0.798
   100 47793 12708  4298  8547    50  0.157 0.379 0.464 0.069 0.125 0.805
   105 47862 12836  4375  8693    50  0.155 0.382 0.463 0.068 0.125 0.807
   110 47834 12894  4327  8689    50  0.153 0.385 0.462 0.067 0.123 0.810
   115 47650 12934  4300  8744    50  0.153 0.383 0.463 0.065 0.120 0.815
   120 47571 13157  4242  8653    50  0.151 0.385 0.465 0.065 0.123 0.812
   125 47753 13023  4262  8652    50  0.149 0.386 0.464 0.063 0.122 0.814
   130 47760 13000  4288  8527    50  0.148 0.388 0.464 0.063 0.122 0.815
   135 48111 12981  4277  8667    50  0.147 0.386 0.467 0.062 0.122 0.816
   140 47807 13190  4226  8641    50  0.147 0.388 0.465 0.062 0.121 0.817
   145 47748 12785  4409  8546    50  0.147 0.391 0.463 0.062 0.123 0.815
   150 47951 13061  4232  8754    50  0.145 0.394 0.461 0.061 0.125 0.814
   155 48321 13043  4268  8781    50  0.145 0.397 0.458 0.061 0.123 0.816
   160 48252 12990  4154  8837    50  0.146 0.398 0.456 0.061 0.124 0.815
   165 48197 13060  4243  8744    50  0.145 0.396 0.459 0.061 0.122 0.817
   170 48063 13044  4303  8664    50  0.145 0.397 0.458 0.060 0.122 0.818
   175 48638 13097  4288  8998    50  0.144 0.398 0.458 0.060 0.123 0.817
   180 48480 13173  4286  8800    50  0.141 0.395 0.464 0.060 0.124 0.816
   185 48017 13014  4370  8710    50  0.140 0.398 0.462 0.059 0.123 0.819
   190 48385 12962  4350  8867    50  0.141 0.399 0.460 0.058 0.123 0.819
   195 48745 13076  4291  8936    50  0.140 0.401 0.458 0.058 0.123 0.818
   200 49424 13070  4352  9260    50  0.141 0.403 0.457 0.059 0.124 0.818
   205 48944 13307  4329  8945    50  0.140 0.403 0.457 0.057 0.117 0.825
   210 48726 13176  4213  8924    50  0.139 0.398 0.463 0.056 0.115 0.829
   215 47921 13170  4273  8714    50  0.139 0.398 0.463 0.055 0.115 0.830
   220 48186 13128  4254  8780    50  0.140 0.396 0.463 0.056 0.117 0.827
   225 48359 13149  4396  8695    50  0.142 0.394 0.464 0.057 0.121 0.822
   230 48363 13051  4218  9006    50  0.143 0.397 0.460 0.058 0.123 0.819
   235 48483 13162  4312  8873    50  0.142 0.400 0.458 0.058 0.125 0.817
   240 48368 13045  4291  8805    50  0.140 0.398 0.462 0.057 0.123 0.820
   245 48398 12806  4282  8804    50  0.140 0.399 0.461 0.057 0.118 0.825
   250 48678 12935  4312  8940    50  0.141 0.398 0.461 0.058 0.119 0.823
   255 48476 13117  4228  8945    50  0.141 0.402 0.456 0.058 0.121 0.822
   260 48176 13061  4385  8732    50  0.142 0.400 0.458 0.058 0.121 0.822
   265 48231 13076  4207  8891    50  0.140 0.400 0.460 0.058 0.121 0.821
   270 48488 13248  4294  8970    50  0.141 0.401 0.458 0.057 0.122 0.821
   275 48877 12908  4307  8957    50  0.141 0.401 0.458 0.058 0.122 0.820
   280 48848 13254  4275  9011    50  0.142 0.401 0.457 0.058 0.122 0.821
   285 48854 13044  4348  8897    50  0.141 0.400 0.458 0.057 0.121 0.822
   290 48826 13121  4142  9101    50  0.141 0.402 0.458 0.058 0.124 0.819
   295 48674 13220  4320  8942    50  0.139 0.400 0.461 0.056 0.120 0.823
   300 48432 13395  4262  8877    50  0.140 0.401 0.459 0.056 0.121 0.823
   305 48633 13061  4243  9011    50  0.139 0.402 0.459 0.056 0.121 0.823
   310 48732 13321  4193  9057    50  0.139 0.404 0.457 0.057 0.126 0.817
   315 49400 13320  4265  9075    50  0.138 0.407 0.454 0.057 0.126 0.817
   320 49297 13334  4232  9077    50  0.138 0.407 0.455 0.056 0.122 0.823
   325 48738 13213  4275  8968    50  0.137 0.407 0.456 0.055 0.122 0.823
   330 49049 13271  4166  9019    50  0.137 0.406 0.458 0.056 0.124 0.820
   335 48925 13273  4147  9018    50  0.136 0.404 0.460 0.055 0.122 0.823
   340 48861 13033  4267  9019    50  0.137 0.405 0.459 0.055 0.122 0.823
   345 49267 13284  4325  8969    50  0.137 0.405 0.457 0.055 0.122 0.823
   350 48984 13208  4190  8964    50  0.138 0.407 0.455 0.055 0.121 0.824
   355 48690 13196  4284  9005    50  0.136 0.405 0.459 0.055 0.122 0.823
   360 49017 13199  4282  9050    50  0.136 0.408 0.456 0.055 0.123 0.822
   365 49194 13284  4178  9137    50  0.136 0.408 0.455 0.055 0.123 0.821
   370 48765 13034  4249  9033    50  0.138 0.408 0.454 0.055 0.120 0.824
   375 48849 13282  4307  8809    50  0.136 0.406 0.458 0.055 0.122 0.823
   380 48955 13282  4259  9079    50  0.138 0.408 0.454 0.055 0.121 0.823
   385 48927 13201  4239  8959    50  0.137 0.407 0.456 0.055 0.120 0.826
   390 48849 13263  4144  8940    50  0.137 0.408 0.455 0.055 0.121 0.824
   395 48413 13119  4232  8912    50  0.137 0.405 0.458 0.056 0.121 0.824
   400 48419 13057  4246  8872    50  0.138 0.406 0.456 0.055 0.120 0.824
   405 48448 13083  4176  8894    50  0.138 0.404 0.458 0.055 0.119 0.826
   410 49110 13116  4192  9126    50  0.139 0.409 0.453 0.056 0.125 0.818
   415 49089 13521  4205  9149    50  0.137 0.406 0.456 0.057 0.126 0.817
   420 49619 13400  4141  9187    50  0.137 0.407 0.456 0.057 0.123 0.821
   425 49431 13343  4193  9164    50  0.137 0.408 0.455 0.057 0.124 0.819
   430 49184 13233  4173  9087    50  0.137 0.406 0.456 0.055 0.119 0.825
   435 48930 13253  4231  9038    50  0.137 0.405 0.458 0.054 0.121 0.825
   440 48766 13143  4152  8996    50  0.137 0.406 0.457 0.055 0.122 0.823
   445 49058 13212  4229  8954    50  0.138 0.407 0.456 0.055 0.124 0.821
   450 49264 13403  4226  9164    50  0.137 0.408 0.455 0.055 0.125 0.820
   455 49331 13420  4224  9114    50  0.137 0.407 0.456 0.055 0.121 0.824
   460 48997 13223  4161  8941    50  0.136 0.402 0.461 0.054 0.118 0.828
   465 48928 13015  4178  8904    50  0.136 0.402 0.462 0.053 0.115 0.832
   470 48199 13225  4262  8895    50  0.137 0.402 0.460 0.054 0.117 0.829
   475 48456 13249  4201  8915    50  0.137 0.404 0.459 0.055 0.120 0.826
   480 49021 13033  4217  9088    50  0.138 0.409 0.453 0.055 0.122 0.823
   485 49118 13216  4186  9097    50  0.138 0.409 0.453 0.054 0.121 0.825
   490 48686 13327  4219  8916    50  0.137 0.409 0.453 0.054 0.120 0.825
   495 49178 13118  4306  9012    50  0.137 0.410 0.453 0.055 0.121 0.824
   500 49188 13317  4270  8948    50  0.137 0.406 0.458 0.055 0.122 0.823
   505 48787 13198  4109  9092    50  0.137 0.408 0.455 0.055 0.121 0.823
   510 48807 13167  4208  8972    50  0.137 0.404 0.459 0.056 0.123 0.822
   515 49174 13309  4235  9120    50  0.137 0.405 0.457 0.055 0.121 0.823
   520 48921 13193  4234  9092    50  0.135 0.405 0.460 0.055 0.120 0.825
   525 48947 13182  4251  9062    50  0.136 0.408 0.456 0.054 0.121 0.825
   530 48937 13206  4227  8920    50  0.135 0.405 0.460 0.053 0.118 0.829
   535 48597 13310  4118  9041    50  0.135 0.405 0.461 0.054 0.121 0.825
   540 48579 13164  4219  8932    50  0.136 0.404 0.460 0.054 0.121 0.825
   545 48945 13215  4130  9083    50  0.136 0.406 0.459 0.054 0.122 0.824
   550 49367 13184  4321  9075    50  0.134 0.407 0.459 0.054 0.122 0.824
   555 48925 13344  4223  8792    50  0.134 0.406 0.460 0.053 0.117 0.830
   560 48800 13138  4314  8916    50  0.135 0.404 0.461 0.054 0.116 0.830
   565 48859 13058  4302  9009    50  0.137 0.404 0.460 0.054 0.118 0.829
   570 48518 13214  4228  8929    50  0.136 0.405 0.458 0.054 0.120 0.826
   575 48689 13281  4200  8852    50  0.136 0.407 0.457 0.054 0.120 0.825
   580 48751 13030  4229  8973    50  0.138 0.406 0.456 0.055 0.121 0.824
   585 49017 13159  4312  9081    50  0.138 0.407 0.455 0.055 0.123 0.822
   590 49238 13289  4223  9090    50  0.139 0.405 0.456 0.055 0.120 0.825
   595 49261 13188  4352  8941    50  0.139 0.402 0.459 0.055 0.121 0.825
   600 48951 13166  4216  8902    50  0.138 0.402 0.459 0.054 0.118 0.828
   605 48688 13146  4411  8826    50  0.138 0.402 0.460 0.055 0.118 0.827
   610 48336 13150  4275  8726    50  0.138 0.400 0.461 0.055 0.119 0.826
   615 48412 13228  4204  9047    50  0.139 0.401 0.460 0.056 0.120 0.824
   620 48734 13287  4214  8917    50  0.139 0.404 0.457 0.055 0.121 0.823
   625 48819 13121  4255  8864    50  0.139 0.403 0.458 0.055 0.121 0.824
   630 48407 13178  4181  8858    50  0.138 0.403 0.459 0.056 0.119 0.825
   635 48625 13325  4328  8940    50  0.140 0.402 0.458 0.056 0.119 0.825
   640 48388 13036  4124  8936    50  0.139 0.404 0.456 0.056 0.121 0.823
   645 48739 13107  4292  8875    50  0.138 0.403 0.459 0.056 0.121 0.823
   650 48494 13179  4131  8970    50  0.137 0.401 0.461 0.056 0.122 0.822
   655 48688 13140  4233  8851    50  0.137 0.401 0.462 0.056 0.122 0.822
   660 48436 13221  4129  8831    50  0.138 0.401 0.461 0.055 0.121 0.824
   665 48725 13248  4231  8877    50  0.137 0.400 0.462 0.055 0.120 0.824
   670 48590 13236  4220  9088    50  0.137 0.406 0.458 0.056 0.124 0.820
   675 48821 13079  4254  9002    50  0.136 0.407 0.458 0.056 0.123 0.822
   680 48694 13314  4337  8865    50  0.136 0.405 0.459 0.055 0.121 0.824
   685 48616 13415  4276  8976    50  0.136 0.406 0.458 0.055 0.121 0.823
   690 48927 13161  4323  9028    50  0.135 0.408 0.457 0.056 0.124 0.820
   695 48907 13313  4280  8981    50  0.135 0.408 0.456 0.056 0.123 0.821
   700 49167 13454  4130  9165    50  0.136 0.409 0.455 0.056 0.124 0.820
   705 48831 13234  4203  9102    50  0.136 0.409 0.456 0.056 0.124 0.820
   710 48838 13323  4227  8949    50  0.137 0.409 0.454 0.056 0.122 0.822
   715 49088 13187  4154  9064    50  0.136 0.405 0.460 0.055 0.119 0.826
   720 48891 13336  4361  9061    50  0.134 0.404 0.462 0.054 0.119 0.827
   725 48841 13481  4263  9110    50  0.134 0.404 0.462 0.053 0.118 0.829
   730 48671 12993  4204  8872    50  0.134 0.405 0.461 0.053 0.118 0.828
   735 48254 13025  4215  8846    50  0.135 0.402 0.463 0.054 0.118 0.827
   740 48415 13049  4299  8777    50  0.137 0.404 0.458 0.054 0.120 0.827
   745 48976 13341  4192  8955    50  0.137 0.405 0.458 0.054 0.119 0.827
   750 48833 13321  4326  8907    50  0.136 0.405 0.458 0.053 0.116 0.831
   755 48455 13245  4215  8820    50  0.137 0.403 0.460 0.053 0.114 0.833
   760 48789 12983  4280  9026    50  0.136 0.401 0.463 0.054 0.119 0.827
   765 48451 13210  4221  8834    50  0.136 0.401 0.463 0.054 0.119 0.827
   770 48598 13104  4323  8915    50  0.136 0.403 0.460 0.054 0.118 0.828
   775 48329 13171  4289  8808    50  0.138 0.405 0.458 0.055 0.119 0.826
   780 49034 13263  4334  9106    50  0.138 0.403 0.459 0.055 0.120 0.825
   785 49132 13211  4200  9038    50  0.139 0.404 0.457 0.055 0.119 0.826
   790 48694 13330  4228  9085    50  0.138 0.398 0.464 0.055 0.118 0.827
   795 48543 13254  4332  8876    50  0.138 0.401 0.461 0.054 0.118 0.828
   800 48553 13189  4324  8993    50  0.137 0.402 0.460 0.055 0.122 0.823
   805 48590 13295  4274  8859    50  0.137 0.405 0.457 0.055 0.122 0.824
   810 48826 13465  4174  8844    50  0.138 0.405 0.458 0.055 0.120 0.825
   815 48777 13202  4319  8924    50  0.139 0.404 0.457 0.055 0.121 0.824
   820 48952 13084  4123  8937    50  0.139 0.404 0.458 0.054 0.122 0.824
   825 48753 13082  4191  8923    50  0.138 0.403 0.460 0.054 0.122 0.824
   830 48679 13295  4291  8870    50  0.138 0.403 0.459 0.054 0.121 0.824
   835 49184 13264  4309  9109    50  0.138 0.405 0.457 0.054 0.121 0.825
   840 49060 13192  4286  8975    50  0.138 0.401 0.461 0.054 0.121 0.824
   845 48446 13251  4171  8869    50  0.139 0.404 0.457 0.054 0.119 0.827
   850 48463 13010  4243  8897    50  0.140 0.403 0.457 0.055 0.119 0.826
   855 48574 13224  4097  9098    50  0.139 0.404 0.457 0.055 0.119 0.826
   860 48727 13106  4257  8908    50  0.138 0.403 0.458 0.054 0.114 0.832
   865 48547 13103  4282  8876    50  0.138 0.402 0.460 0.054 0.114 0.832
   870 48462 13256  4200  8924    50  0.138 0.402 0.461 0.055 0.117 0.828
   875 48576 13131  4216  8832    50  0.138 0.399 0.463 0.055 0.120 0.825
   880 48635 13222  4287  8748    50  0.140 0.401 0.459 0.055 0.122 0.823
   885 48505 13179  4193  8909    50  0.140 0.402 0.458 0.056 0.124 0.820
   890 48991 13208  4166  9088    50  0.140 0.405 0.455 0.056 0.123 0.821
   895 49218 13250  4351  8991    50  0.142 0.405 0.453 0.056 0.122 0.822
   900 48690 13311  4214  8944    50  0.141 0.404 0.455 0.056 0.121 0.823
   905 48711 13145  4121  8799    50  0.141 0.404 0.456 0.056 0.120 0.825
   910 48840 13228  4213  8932    50  0.141 0.405 0.454 0.056 0.121 0.824
   915 48940 13275  4216  8985    50  0.140 0.407 0.453 0.056 0.122 0.823
   920 49034 13219  4295  9030    50  0.140 0.409 0.451 0.055 0.119 0.827
   925 48667 13514  4311  8927    50  0.139 0.409 0.452 0.055 0.117 0.828
   930 49068 13139  4161  9071    50  0.138 0.407 0.454 0.056 0.122 0.823
   935 49072 13269  4297  8976    50  0.138 0.406 0.456 0.056 0.120 0.824
   940 49218 13174  4277  9068    50  0.138 0.408 0.454 0.056 0.119 0.825
   945 48974 13231  4313  8986    50  0.138 0.405 0.457 0.055 0.119 0.826
   950 48758 13132  4199  8939    50  0.138 0.402 0.460 0.054 0.118 0.828
   955 48743 13232  4220  8910    50  0.139 0.406 0.455 0.055 0.122 0.822
   960 49003 13351  4212  9160    50  0.139 0.411 0.450 0.056 0.124 0.820
   965 49102 13094  4173  8980    50  0.139 0.410 0.450 0.056 0.123 0.820
   970 49108 13356  4161  8986    50  0.141 0.409 0.450 0.056 0.122 0.822
   975 49187 13497  4133  9160    50  0.140 0.409 0.451 0.056 0.122 0.822
   980 49280 13185  4307  9083    50  0.139 0.409 0.452 0.056 0.123 0.821
   985 49370 13233  4285  9133    50  0.138 0.406 0.456 0.056 0.123 0.820
   990 49129 13184  4277  8911    50  0.137 0.406 0.458 0.054 0.118 0.828
   995 48557 13311  4342  8994    50  0.136 0.406 0.458 0.054 0.120 0.826
  1000 48677 13247  4183  8923    50  0.136 0.406 0.459 0.054 0.119 0.827
