 nmt =               50
 dmf =      T
 dff =      F
 vgr =       0.100000001    
 lde =       0.949999988    
 theta =     0.500000000    
 sigma =     0.500000000    
 ssr =                1
 dr =        0.300000012    
 mr =         1.00000005E-03
 spdispr =           30
 gs =               300
 ini =            60000
 ngen =            1000
 Myseed =         84563
 nmap =            1000
 Gen nind ndea nveg nspo num_mat veg_1 spo_1 mat_1 veg_2 spo_2 mat_2
     0 60000     0     0     0    50  0.333 0.334 0.333   NaN   NaN   NaN
     5 52912 14042  4017 10030    50  0.310 0.347 0.343 0.241 0.247 0.512
    10 51674 14077  4101  9728    50  0.277 0.340 0.383 0.210 0.226 0.564
    15 50336 13939  4070  9337    50  0.250 0.332 0.418 0.183 0.209 0.608
    20 49047 13352  4319  8854    50  0.228 0.320 0.451 0.161 0.194 0.645
    25 48095 12988  4195  8459    50  0.212 0.309 0.479 0.143 0.179 0.678
    30 46451 12515  4350  8154    50  0.196 0.302 0.502 0.128 0.168 0.704
    35 45547 12315  4353  7818    50  0.186 0.298 0.516 0.118 0.158 0.724
    40 45121 12057  4426  7838    50  0.177 0.295 0.528 0.110 0.153 0.737
    45 43984 12156  4446  7519    50  0.170 0.296 0.535 0.102 0.144 0.754
    50 43830 11989  4451  7356    50  0.162 0.298 0.540 0.096 0.141 0.763
    55 43549 12016  4512  7347    50  0.158 0.302 0.540 0.092 0.139 0.769
    60 43639 11768  4564  7504    50  0.156 0.309 0.536 0.087 0.138 0.774
    65 44585 11896  4532  7675    50  0.153 0.315 0.532 0.083 0.137 0.779
    70 44724 12293  4476  7772    50  0.150 0.319 0.531 0.081 0.139 0.781
    75 44845 12355  4457  7868    50  0.147 0.325 0.528 0.075 0.137 0.789
    80 45361 12179  4436  8058    50  0.145 0.332 0.523 0.072 0.136 0.791
    85 46033 12378  4344  8100    50  0.143 0.337 0.520 0.070 0.136 0.794
    90 46213 12564  4375  8317    50  0.140 0.344 0.516 0.068 0.137 0.795
    95 46356 12504  4462  8182    50  0.137 0.344 0.519 0.065 0.136 0.799
   100 46305 12556  4314  8233    50  0.134 0.348 0.518 0.061 0.131 0.807
   105 46578 12679  4338  8391    50  0.132 0.350 0.519 0.060 0.134 0.806
   110 46143 12621  4437  8185    50  0.129 0.352 0.519 0.058 0.133 0.809
   115 46319 12498  4429  8422    50  0.128 0.354 0.518 0.058 0.134 0.809
   120 46315 12424  4320  8393    50  0.126 0.352 0.521 0.057 0.134 0.809
   125 46333 12637  4320  8290    50  0.124 0.352 0.523 0.056 0.135 0.809
   130 47072 12776  4413  8400    50  0.123 0.353 0.524 0.056 0.134 0.810
   135 46723 12699  4331  8326    50  0.121 0.352 0.527 0.055 0.134 0.811
   140 46703 12715  4286  8345    50  0.120 0.354 0.526 0.054 0.131 0.815
   145 46958 12687  4417  8327    50  0.119 0.352 0.529 0.054 0.132 0.814
   150 46666 12764  4221  8308    50  0.117 0.351 0.532 0.053 0.130 0.817
   155 46317 12459  4377  8106    50  0.115 0.348 0.537 0.052 0.129 0.820
   160 46553 12675  4373  8273    50  0.114 0.348 0.539 0.052 0.131 0.818
   165 46420 12691  4349  8397    50  0.112 0.347 0.541 0.051 0.130 0.819
   170 46591 12545  4444  8158    50  0.112 0.345 0.543 0.050 0.128 0.822
   175 46248 12571  4371  8101    50  0.110 0.343 0.548 0.050 0.129 0.820
   180 46001 12604  4413  8165    50  0.109 0.338 0.553 0.050 0.128 0.822
   185 45752 12647  4426  8046    50  0.108 0.336 0.557 0.050 0.130 0.820
   190 45596 12504  4320  7877    50  0.107 0.336 0.557 0.049 0.127 0.824
   195 45159 12359  4406  7891    50  0.106 0.333 0.562 0.049 0.128 0.823
   200 45673 12298  4413  7965    50  0.105 0.332 0.563 0.050 0.130 0.821
   205 45617 12453  4410  8106    50  0.103 0.329 0.568 0.049 0.129 0.823
   210 44866 12366  4281  7739    50  0.102 0.327 0.571 0.049 0.130 0.822
   215 45133 12279  4526  7777    50  0.101 0.326 0.573 0.049 0.130 0.821
   220 44973 12304  4400  7840    50  0.100 0.324 0.576 0.048 0.128 0.825
   225 44525 12155  4536  7662    50  0.099 0.320 0.581 0.047 0.127 0.825
   230 44603 12043  4388  7732    50  0.098 0.319 0.583 0.047 0.127 0.825
   235 44538 12283  4414  7641    50  0.098 0.319 0.583 0.047 0.126 0.828
   240 44641 12118  4513  7789    50  0.097 0.318 0.585 0.046 0.126 0.828
   245 44844 12164  4468  7676    50  0.096 0.315 0.588 0.046 0.126 0.828
   250 44449 12226  4404  7682    50  0.096 0.315 0.589 0.047 0.128 0.825
   255 44408 11977  4424  7731    50  0.095 0.312 0.593 0.047 0.129 0.824
   260 44268 12134  4432  7600    50  0.094 0.310 0.595 0.047 0.129 0.824
   265 43983 12084  4448  7476    50  0.094 0.308 0.598 0.046 0.125 0.829
   270 43341 11991  4432  7351    50  0.093 0.305 0.603 0.045 0.126 0.829
   275 42969 11817  4408  7312    50  0.092 0.302 0.606 0.045 0.126 0.828
   280 42892 11900  4534  7239    50  0.091 0.299 0.610 0.046 0.127 0.827
   285 42886 11555  4524  7213    50  0.091 0.297 0.612 0.046 0.129 0.825
   290 43184 11740  4484  7249    50  0.090 0.297 0.613 0.046 0.128 0.826
   295 42982 11692  4506  7274    50  0.090 0.296 0.614 0.045 0.127 0.828
   300 42706 11716  4533  7193    50  0.089 0.293 0.618 0.046 0.128 0.826
   305 42901 11699  4502  7138    50  0.088 0.291 0.620 0.046 0.129 0.826
   310 42882 11868  4418  7134    50  0.088 0.290 0.622 0.045 0.128 0.826
   315 42692 11534  4617  7070    50  0.087 0.287 0.625 0.045 0.127 0.828
   320 42088 11584  4387  6960    50  0.086 0.283 0.631 0.044 0.125 0.831
   325 41668 11502  4446  6916    50  0.085 0.282 0.633 0.044 0.126 0.830
   330 41647 11417  4520  6955    50  0.085 0.280 0.635 0.045 0.128 0.828
   335 41875 11277  4522  6870    50  0.085 0.278 0.637 0.045 0.127 0.829
   340 41302 11252  4559  6705    50  0.084 0.278 0.637 0.044 0.127 0.828
   345 41772 11267  4568  6935    50  0.084 0.277 0.639 0.044 0.126 0.830
   350 41911 11442  4497  6893    50  0.083 0.275 0.642 0.044 0.126 0.830
   355 41728 11234  4569  6754    50  0.082 0.273 0.645 0.043 0.125 0.832
   360 41186 11266  4593  6551    50  0.081 0.270 0.649 0.043 0.124 0.833
   365 41105 11217  4641  6498    50  0.080 0.267 0.653 0.043 0.124 0.833
   370 40585 11157  4551  6501    50  0.080 0.265 0.655 0.043 0.121 0.836
   375 40197 11058  4568  6437    50  0.079 0.261 0.660 0.043 0.122 0.836
   380 40450 10927  4567  6474    49  0.079 0.260 0.662 0.043 0.123 0.835
   385 39841 11213  4467  6345    49  0.078 0.257 0.665 0.043 0.123 0.834
   390 39793 10984  4507  6397    49  0.077 0.254 0.670 0.043 0.123 0.834
   395 39936 11009  4602  6336    49  0.077 0.255 0.668 0.043 0.123 0.835
   400 40107 10979  4773  6290    49  0.077 0.253 0.670 0.043 0.123 0.835
   405 39733 10853  4657  6137    49  0.077 0.252 0.671 0.042 0.122 0.836
   410 39268 10862  4580  6196    49  0.076 0.249 0.675 0.042 0.121 0.837
   415 39295 10890  4727  6038    49  0.075 0.248 0.677 0.042 0.120 0.837
   420 39135 10890  4628  6287    49  0.075 0.247 0.678 0.042 0.121 0.837
   425 39347 10661  4528  6209    49  0.074 0.244 0.682 0.042 0.121 0.837
   430 38923 10654  4632  6053    49  0.075 0.245 0.680 0.042 0.119 0.840
   435 38764 10884  4582  5885    49  0.074 0.242 0.683 0.042 0.119 0.839
   440 38707 10705  4636  5993    49  0.075 0.243 0.682 0.042 0.121 0.837
   445 38486 10564  4728  5931    49  0.074 0.240 0.685 0.043 0.121 0.836
   450 38313 10583  4635  5932    49  0.074 0.239 0.688 0.042 0.121 0.837
   455 38119 10546  4606  5819    49  0.073 0.237 0.690 0.042 0.119 0.839
   460 38402 10441  4642  5916    49  0.072 0.233 0.694 0.042 0.118 0.840
   465 38029 10379  4704  5671    49  0.072 0.233 0.695 0.042 0.119 0.839
   470 38092 10425  4549  5783    49  0.072 0.232 0.696 0.042 0.119 0.839
   475 37729 10532  4662  5758    49  0.071 0.229 0.700 0.042 0.118 0.840
   480 37623 10263  4646  5728    49  0.071 0.228 0.701 0.042 0.118 0.840
   485 37436 10463  4627  5592    49  0.071 0.226 0.703 0.042 0.118 0.840
   490 37183 10110  4735  5616    49  0.071 0.227 0.702 0.042 0.119 0.839
   495 37276 10379  4551  5691    49  0.071 0.225 0.704 0.043 0.120 0.837
   500 37333 10307  4685  5649    49  0.071 0.225 0.705 0.043 0.121 0.837
   505 37210 10128  4590  5589    49  0.071 0.223 0.706 0.043 0.122 0.836
   510 36961 10339  4621  5484    49  0.070 0.223 0.707 0.043 0.122 0.836
   515 36822 10158  4544  5539    49  0.069 0.221 0.710 0.042 0.121 0.836
   520 37146 10162  4705  5623    49  0.069 0.219 0.712 0.042 0.120 0.837
   525 36682 10110  4636  5512    49  0.068 0.217 0.715 0.042 0.120 0.838
   530 36518 10008  4654  5541    49  0.068 0.217 0.715 0.042 0.118 0.840
   535 36658 10029  4687  5512    49  0.068 0.217 0.716 0.042 0.120 0.838
   540 36876 10141  4569  5391    49  0.068 0.216 0.716 0.042 0.120 0.838
   545 36572 10209  4604  5453    49  0.067 0.215 0.718 0.042 0.118 0.840
   550 36353 10157  4576  5365    49  0.067 0.214 0.719 0.042 0.118 0.840
   555 36215  9967  4651  5310    49  0.067 0.212 0.722 0.042 0.117 0.841
   560 35973 10022  4725  5290    49  0.066 0.210 0.723 0.042 0.117 0.841
   565 35662  9955  4544  5249    49  0.066 0.210 0.724 0.042 0.118 0.840
   570 36167 10128  4607  5424    49  0.067 0.209 0.724 0.042 0.118 0.840
   575 36049  9860  4520  5325    49  0.066 0.207 0.726 0.042 0.116 0.842
   580 35884  9954  4744  5234    49  0.066 0.207 0.727 0.042 0.116 0.842
   585 35268  9876  4535  5188    49  0.065 0.205 0.730 0.042 0.116 0.843
   590 34928  9665  4642  4992    49  0.065 0.203 0.732 0.041 0.115 0.844
   595 34797  9624  4704  5036    49  0.064 0.202 0.734 0.042 0.116 0.843
   600 35023  9615  4590  5076    48  0.064 0.201 0.735 0.041 0.115 0.843
   605 34600  9502  4701  4889    48  0.064 0.199 0.737 0.042 0.115 0.844
   610 34599  9615  4653  4973    48  0.064 0.199 0.737 0.041 0.115 0.843
   615 34699  9694  4638  4955    48  0.063 0.198 0.739 0.041 0.116 0.843
   620 34677  9682  4624  5056    48  0.063 0.198 0.739 0.042 0.117 0.841
   625 34612  9580  4693  4990    48  0.063 0.197 0.740 0.042 0.118 0.840
   630 34589  9732  4571  4894    47  0.063 0.196 0.740 0.042 0.118 0.841
   635 34682  9539  4563  5034    47  0.063 0.195 0.742 0.041 0.115 0.843
   640 34225  9692  4443  4890    47  0.062 0.194 0.744 0.041 0.116 0.843
   645 34266  9491  4556  4831    47  0.062 0.193 0.745 0.041 0.113 0.846
   650 33929  9354  4570  4758    47  0.062 0.192 0.746 0.041 0.113 0.846
   655 33864  9399  4608  4772    47  0.061 0.190 0.748 0.041 0.113 0.847
   660 33775  9417  4639  4771    47  0.061 0.189 0.750 0.040 0.113 0.847
   665 33409  9368  4628  4745    47  0.061 0.188 0.752 0.041 0.114 0.845
   670 33658  9333  4717  4664    47  0.060 0.186 0.753 0.041 0.114 0.845
   675 33920  9515  4661  4799    47  0.061 0.186 0.753 0.041 0.114 0.846
   680 33759  9397  4582  4739    47  0.060 0.186 0.754 0.041 0.113 0.846
   685 33576  9303  4580  4714    47  0.060 0.185 0.755 0.040 0.112 0.847
   690 33627  9418  4697  4572    47  0.060 0.184 0.756 0.040 0.112 0.848
   695 33324  9317  4607  4559    47  0.059 0.182 0.758 0.040 0.111 0.848
   700 33053  9274  4597  4521    47  0.059 0.180 0.761 0.040 0.111 0.849
   705 32777  9132  4647  4432    47  0.059 0.181 0.760 0.040 0.111 0.848
   710 32873  9232  4563  4456    47  0.058 0.179 0.762 0.040 0.111 0.849
   715 32694  9160  4672  4437    47  0.058 0.178 0.764 0.040 0.110 0.851
   720 32445  8932  4608  4411    47  0.058 0.177 0.765 0.040 0.109 0.851
   725 32338  9005  4719  4297    47  0.058 0.177 0.765 0.040 0.110 0.850
   730 32357  9250  4688  4403    47  0.057 0.175 0.767 0.040 0.112 0.848
   735 32111  8980  4626  4418    47  0.057 0.175 0.768 0.040 0.111 0.849
   740 31545  8954  4605  4243    46  0.057 0.174 0.769 0.040 0.110 0.850
   745 32021  8963  4685  4282    46  0.057 0.174 0.770 0.040 0.110 0.851
   750 32193  8920  4710  4334    46  0.056 0.172 0.771 0.040 0.109 0.851
   755 32099  8917  4732  4326    46  0.056 0.171 0.773 0.039 0.109 0.852
   760 31786  8918  4635  4296    46  0.056 0.171 0.773 0.039 0.109 0.852
   765 31927  8806  4570  4229    46  0.056 0.169 0.775 0.039 0.108 0.852
   770 31671  8771  4525  4192    46  0.055 0.168 0.776 0.039 0.107 0.853
   775 31228  8806  4597  4116    46  0.055 0.168 0.777 0.039 0.107 0.854
   780 31430  8732  4636  4258    46  0.055 0.166 0.779 0.039 0.107 0.854
   785 30405  8827  4548  3933    46  0.055 0.167 0.778 0.039 0.107 0.854
   790 30706  8468  4694  4059    46  0.055 0.166 0.779 0.039 0.107 0.854
   795 30930  8577  4612  3991    46  0.055 0.165 0.780 0.039 0.108 0.853
   800 31154  8787  4624  4103    46  0.055 0.165 0.780 0.040 0.109 0.851
   805 30768  8659  4580  3921    46  0.055 0.165 0.781 0.039 0.108 0.852
   810 30990  8476  4618  3973    46  0.055 0.165 0.780 0.039 0.108 0.853
   815 30991  8782  4588  4095    46  0.055 0.165 0.780 0.039 0.108 0.853
   820 31055  8710  4674  4026    46  0.054 0.164 0.782 0.039 0.108 0.853
   825 30817  8565  4502  4068    46  0.054 0.163 0.782 0.039 0.106 0.855
   830 30653  8531  4608  3951    46  0.054 0.162 0.784 0.039 0.106 0.855
   835 30691  8530  4578  4002    46  0.054 0.161 0.785 0.039 0.106 0.854
   840 30710  8729  4617  3984    46  0.053 0.159 0.787 0.039 0.107 0.854
   845 30614  8539  4558  3875    46  0.053 0.158 0.788 0.039 0.106 0.855
   850 30882  8579  4752  3945    46  0.053 0.158 0.789 0.039 0.105 0.856
   855 30422  8639  4626  3838    45  0.053 0.156 0.792 0.039 0.105 0.856
   860 30237  8421  4613  3827    45  0.052 0.155 0.792 0.039 0.104 0.858
   865 29755  8456  4587  3676    45  0.052 0.155 0.793 0.038 0.103 0.859
   870 29658  8350  4673  3735    45  0.052 0.155 0.793 0.038 0.103 0.858
   875 30034  8332  4650  3780    45  0.052 0.155 0.793 0.038 0.104 0.858
   880 29980  8266  4559  3806    45  0.052 0.154 0.794 0.038 0.103 0.859
   885 29862  8507  4603  3660    45  0.053 0.154 0.793 0.038 0.102 0.859
   890 29503  8469  4552  3666    44  0.052 0.154 0.794 0.038 0.103 0.859
   895 29250  8296  4502  3615    44  0.052 0.153 0.795 0.038 0.104 0.858
   900 29412  8312  4663  3730    44  0.052 0.152 0.796 0.038 0.103 0.859
   905 29592  8105  4604  3657    44  0.052 0.152 0.796 0.038 0.103 0.859
   910 29669  8317  4606  3757    44  0.052 0.152 0.795 0.038 0.103 0.858
   915 29315  8227  4610  3656    44  0.052 0.152 0.796 0.038 0.102 0.860
   920 29292  8285  4609  3674    44  0.051 0.151 0.798 0.038 0.101 0.861
   925 29168  8060  4561  3602    44  0.051 0.150 0.799 0.038 0.101 0.861
   930 28937  8166  4644  3554    44  0.051 0.149 0.800 0.038 0.102 0.861
   935 29104  8148  4616  3587    44  0.051 0.149 0.800 0.038 0.103 0.859
   940 29056  8267  4558  3568    44  0.051 0.148 0.801 0.038 0.103 0.859
   945 28983  8077  4575  3547    44  0.051 0.148 0.801 0.038 0.103 0.859
   950 28807  8219  4539  3533    44  0.050 0.146 0.803 0.038 0.102 0.861
   955 28968  8023  4563  3591    44  0.050 0.146 0.804 0.037 0.101 0.862
   960 28618  8038  4640  3509    44  0.050 0.145 0.804 0.037 0.100 0.862
   965 28631  8054  4588  3470    44  0.050 0.145 0.805 0.037 0.101 0.862
   970 28559  7992  4547  3443    44  0.050 0.144 0.806 0.037 0.101 0.862
   975 28288  8084  4495  3386    44  0.050 0.143 0.807 0.037 0.100 0.863
   980 28258  7915  4533  3383    44  0.049 0.142 0.808 0.037 0.100 0.862
   985 27924  8002  4540  3301    44  0.049 0.142 0.809 0.037 0.100 0.863
   990 28070  7838  4427  3374    44  0.049 0.142 0.809 0.037 0.101 0.862
   995 28125  7812  4484  3373    44  0.049 0.141 0.809 0.037 0.101 0.862
  1000 28165  8026  4495  3367    44  0.049 0.141 0.810 0.038 0.101 0.861
