 nmt =               50
 dmf =      F
 dff =      F
 vgr =       0.100000001    
 lde =       0.500000000    
 theta =     0.500000000    
 sigma =     0.500000000    
 ssr =                1
 dr =        0.300000012    
 mr =         9.99999978E-03
 spdispr =           30
 gs =               300
 ini =            60000
 ngen =            2000
 Myseed =         84563
 nmap =              50
 Gen nind ndea nveg nspo num_mat veg_1 spo_1 mat_1 veg_2 spo_2 mat_2
     0 60000     0     0     0    50  0.334 0.333 0.332   NaN   NaN   NaN
     5 53732 14378  3995 10420    50  0.327 0.367 0.306 0.315 0.336 0.349
    10 54991 14631  3880 11047    50  0.317 0.383 0.299 0.310 0.364 0.325
    15 56219 14968  3863 11408    50  0.310 0.396 0.294 0.306 0.382 0.311
    20 57517 15194  3843 11842    50  0.305 0.405 0.290 0.302 0.394 0.305
    25 58095 15641  3707 11961    50  0.302 0.409 0.288 0.299 0.402 0.299
    30 58306 15677  3542 12030    50  0.300 0.413 0.286 0.298 0.407 0.295
    35 58743 15440  3655 12072    50  0.299 0.416 0.285 0.297 0.411 0.292
    40 58705 15663  3716 12120    50  0.298 0.418 0.285 0.295 0.414 0.291
    45 59101 15778  3659 12227    50  0.296 0.419 0.285 0.295 0.415 0.290
    50 59194 15947  3522 12130    50  0.296 0.419 0.285 0.294 0.416 0.289
    55 58900 15858  3538 12213    50  0.295 0.420 0.285 0.294 0.417 0.289
    60 59649 15664  3655 12374    50  0.295 0.420 0.285 0.294 0.418 0.289
    65 59558 15644  3649 12296    50  0.294 0.420 0.286 0.293 0.418 0.289
    70 59131 15722  3513 12186    50  0.294 0.420 0.286 0.293 0.418 0.289
    75 59200 15788  3664 12220    50  0.293 0.420 0.287 0.292 0.418 0.289
    80 58990 15832  3633 12372    50  0.293 0.420 0.287 0.292 0.419 0.289
    85 59214 15863  3639 12274    50  0.293 0.420 0.287 0.292 0.419 0.290
    90 59529 15809  3674 12241    50  0.293 0.420 0.287 0.291 0.419 0.290
    95 59504 15742  3705 12274    50  0.292 0.420 0.287 0.291 0.419 0.290
   100 59382 15866  3600 12167    50  0.292 0.420 0.288 0.291 0.419 0.290
   105 59171 15628  3624 12308    50  0.292 0.420 0.288 0.291 0.419 0.290
   110 59262 15850  3480 12261    50  0.292 0.421 0.288 0.291 0.419 0.290
   115 59221 15777  3554 12181    50  0.292 0.420 0.288 0.290 0.420 0.290
   120 59356 15793  3613 12240    50  0.291 0.421 0.288 0.290 0.420 0.290
   125 59485 15874  3584 12240    50  0.291 0.421 0.288 0.290 0.420 0.290
   130 59237 15788  3581 12289    50  0.291 0.421 0.289 0.290 0.420 0.290
   135 59406 15892  3628 12321    50  0.290 0.421 0.289 0.290 0.420 0.291
   140 59165 15965  3532 12250    50  0.290 0.421 0.289 0.289 0.420 0.291
   145 59421 15804  3649 12149    50  0.290 0.421 0.289 0.289 0.420 0.291
   150 59389 15736  3630 12211    50  0.290 0.421 0.289 0.289 0.420 0.291
   155 59488 15719  3600 12271    50  0.290 0.421 0.289 0.289 0.420 0.291
   160 59353 15816  3689 12104    50  0.289 0.421 0.289 0.288 0.420 0.291
   165 59346 15945  3542 12213    50  0.289 0.421 0.290 0.288 0.420 0.292
   170 59229 15726  3525 12197    50  0.289 0.421 0.290 0.288 0.420 0.292
   175 59297 15819  3675 12190    50  0.289 0.421 0.290 0.288 0.420 0.292
   180 59273 15771  3581 12153    50  0.288 0.421 0.290 0.287 0.420 0.292
   185 59328 16028  3614 12341    50  0.288 0.421 0.290 0.287 0.420 0.292
   190 59580 15781  3561 12315    50  0.288 0.421 0.291 0.287 0.420 0.292
   195 59401 15848  3596 12196    50  0.288 0.421 0.291 0.287 0.420 0.293
   200 59351 15946  3608 12169    50  0.288 0.421 0.291 0.287 0.421 0.293
   205 59313 15901  3561 12297    50  0.287 0.422 0.291 0.286 0.421 0.293
   210 59275 15831  3585 12253    50  0.287 0.422 0.291 0.286 0.421 0.293
   215 59319 15728  3607 12328    50  0.287 0.422 0.291 0.286 0.421 0.293
   220 59211 15892  3534 12341    50  0.287 0.422 0.291 0.286 0.421 0.293
   225 59529 15826  3739 12233    50  0.287 0.422 0.291 0.286 0.421 0.293
   230 59797 15696  3570 12349    50  0.287 0.422 0.292 0.286 0.421 0.293
   235 59685 15947  3490 12376    50  0.286 0.422 0.292 0.286 0.421 0.294
   240 59364 15865  3531 12385    50  0.286 0.422 0.292 0.285 0.421 0.294
   245 59642 16042  3622 12309    50  0.286 0.422 0.292 0.285 0.421 0.294
   250 59324 15822  3627 12356    50  0.286 0.422 0.292 0.285 0.421 0.294
   255 59398 15906  3624 12278    50  0.286 0.422 0.292 0.285 0.421 0.294
   260 59553 15948  3521 12268    50  0.285 0.422 0.293 0.285 0.421 0.294
   265 59740 15836  3615 12327    50  0.285 0.422 0.293 0.284 0.421 0.295
   270 59707 15913  3631 12320    50  0.285 0.422 0.293 0.284 0.421 0.295
   275 59760 15843  3674 12292    50  0.285 0.422 0.293 0.284 0.421 0.295
   280 59409 15944  3538 12255    50  0.285 0.422 0.293 0.284 0.421 0.295
   285 59476 15837  3589 12332    50  0.284 0.422 0.293 0.284 0.421 0.295
   290 59887 15770  3579 12399    50  0.284 0.422 0.294 0.283 0.421 0.295
   295 59681 15763  3670 12366    50  0.284 0.422 0.294 0.283 0.421 0.296
   300 59434 15757  3534 12248    50  0.284 0.422 0.294 0.283 0.421 0.296
   305 59185 15863  3635 12242    50  0.284 0.422 0.294 0.283 0.421 0.296
   310 59492 15824  3519 12231    50  0.284 0.422 0.294 0.283 0.421 0.296
   315 59271 16037  3658 12229    50  0.284 0.422 0.294 0.283 0.421 0.296
   320 59329 15872  3563 12262    50  0.283 0.422 0.294 0.282 0.421 0.296
   325 59229 15870  3658 12271    50  0.283 0.422 0.294 0.282 0.421 0.296
   330 59199 15901  3554 12266    50  0.283 0.423 0.295 0.282 0.421 0.296
   335 59276 15765  3674 12251    50  0.283 0.422 0.295 0.282 0.421 0.297
   340 59479 15835  3708 12376    50  0.283 0.422 0.295 0.282 0.421 0.297
   345 59484 15910  3569 12348    50  0.283 0.422 0.295 0.282 0.421 0.297
   350 59195 15726  3500 12247    50  0.282 0.422 0.295 0.281 0.421 0.297
   355 59202 15683  3562 12285    50  0.282 0.422 0.295 0.281 0.421 0.297
   360 59449 16004  3593 12392    50  0.282 0.422 0.295 0.281 0.421 0.297
   365 59354 15881  3584 12552    50  0.282 0.422 0.296 0.281 0.421 0.298
   370 59093 15950  3494 12224    50  0.282 0.422 0.296 0.281 0.421 0.298
   375 59375 15987  3618 12314    50  0.282 0.422 0.296 0.281 0.422 0.298
   380 59664 15677  3524 12368    50  0.281 0.423 0.296 0.280 0.421 0.298
   385 59275 15882  3544 12313    50  0.281 0.423 0.296 0.280 0.421 0.298
   390 59285 15857  3605 12365    50  0.281 0.423 0.297 0.280 0.421 0.299
   395 59706 15655  3609 12296    50  0.281 0.423 0.297 0.280 0.422 0.299
   400 58945 15966  3542 12046    50  0.280 0.423 0.297 0.280 0.422 0.299
   405 59232 15885  3561 12221    50  0.280 0.423 0.297 0.279 0.422 0.299
   410 59707 15837  3535 12344    50  0.280 0.423 0.297 0.279 0.422 0.299
   415 59344 15724  3593 12362    50  0.280 0.423 0.298 0.279 0.422 0.300
   420 59241 15830  3531 12374    50  0.279 0.423 0.298 0.279 0.422 0.300
   425 59620 15766  3536 12355    50  0.279 0.423 0.298 0.278 0.422 0.300
   430 59160 15970  3574 12256    50  0.279 0.423 0.298 0.278 0.422 0.300
   435 59660 15974  3626 12134    50  0.279 0.423 0.299 0.278 0.422 0.301
   440 59468 16013  3475 12385    50  0.278 0.423 0.299 0.278 0.422 0.301
   445 59600 15951  3634 12232    50  0.278 0.423 0.299 0.277 0.422 0.301
   450 59708 15959  3533 12456    50  0.278 0.423 0.299 0.277 0.422 0.301
   455 59472 15818  3541 12210    50  0.278 0.423 0.299 0.277 0.422 0.301
   460 59179 15913  3586 12144    50  0.278 0.423 0.299 0.277 0.422 0.301
   465 59391 15822  3613 12136    50  0.278 0.423 0.299 0.277 0.422 0.301
   470 59062 16063  3640 12249    50  0.277 0.423 0.300 0.276 0.422 0.302
   475 59542 15941  3663 12382    50  0.277 0.423 0.300 0.276 0.422 0.302
   480 59346 15833  3544 12372    50  0.277 0.423 0.300 0.276 0.422 0.302
   485 59621 15800  3565 12356    50  0.277 0.423 0.300 0.276 0.422 0.302
   490 59426 16030  3494 12291    50  0.277 0.423 0.300 0.276 0.422 0.302
   495 59517 15785  3609 12360    50  0.276 0.423 0.300 0.275 0.422 0.302
   500 59371 16257  3482 12372    50  0.276 0.423 0.301 0.275 0.422 0.303
   505 59435 15951  3592 12279    50  0.276 0.423 0.301 0.275 0.422 0.303
   510 59521 15668  3605 12280    50  0.276 0.423 0.301 0.275 0.422 0.303
   515 59576 15786  3618 12453    50  0.276 0.423 0.301 0.275 0.422 0.303
   520 59313 15914  3591 12306    50  0.275 0.423 0.301 0.274 0.422 0.303
   525 59230 15757  3544 12107    50  0.275 0.423 0.302 0.274 0.422 0.304
   530 59755 15887  3618 12407    50  0.275 0.423 0.302 0.274 0.422 0.304
   535 59033 15887  3608 12343    50  0.275 0.423 0.302 0.274 0.422 0.304
   540 59252 15879  3562 12231    50  0.275 0.423 0.302 0.274 0.422 0.304
   545 59920 15793  3508 12338    50  0.274 0.423 0.303 0.274 0.422 0.304
   550 59489 15951  3566 12235    50  0.274 0.423 0.303 0.273 0.422 0.305
   555 59369 15987  3509 12151    50  0.274 0.423 0.303 0.273 0.422 0.305
   560 59497 15893  3537 12335    50  0.274 0.423 0.303 0.273 0.422 0.305
   565 59659 15805  3584 12328    50  0.274 0.423 0.303 0.273 0.422 0.305
   570 59308 15850  3529 12300    50  0.273 0.423 0.303 0.273 0.422 0.305
   575 59537 16125  3427 12422    50  0.273 0.423 0.303 0.272 0.422 0.305
   580 59729 16023  3743 12277    50  0.273 0.423 0.304 0.272 0.422 0.306
   585 59551 15900  3609 12460    50  0.273 0.423 0.304 0.272 0.422 0.306
   590 59522 15815  3623 12321    50  0.272 0.423 0.304 0.272 0.422 0.306
   595 59551 15927  3573 12381    50  0.272 0.423 0.304 0.271 0.423 0.306
   600 59505 15803  3476 12198    50  0.272 0.424 0.304 0.271 0.422 0.306
   605 59559 15930  3607 12562    50  0.272 0.424 0.304 0.271 0.423 0.306
   610 59554 15860  3644 12305    50  0.272 0.424 0.305 0.271 0.422 0.307
   615 59517 15900  3524 12233    50  0.271 0.424 0.305 0.271 0.422 0.307
   620 59349 15834  3575 12191    50  0.271 0.423 0.305 0.270 0.422 0.307
   625 59596 15920  3593 12358    50  0.271 0.423 0.306 0.270 0.422 0.307
   630 59558 15930  3600 12326    50  0.271 0.424 0.306 0.270 0.422 0.308
   635 59345 15849  3624 12269    50  0.271 0.424 0.306 0.270 0.422 0.308
   640 59579 15853  3500 12349    50  0.271 0.424 0.306 0.270 0.423 0.308
   645 59448 15977  3587 12384    50  0.270 0.424 0.306 0.269 0.423 0.308
   650 59614 15872  3580 12372    50  0.270 0.424 0.307 0.269 0.422 0.309
   655 59656 15742  3592 12316    50  0.270 0.424 0.307 0.269 0.423 0.309
   660 59391 15934  3635 12187    50  0.269 0.424 0.307 0.269 0.423 0.309
   665 59360 15831  3548 12121    50  0.269 0.424 0.307 0.268 0.423 0.309
   670 59565 15755  3607 12364    50  0.269 0.424 0.307 0.268 0.423 0.309
   675 59469 15881  3620 12297    50  0.269 0.424 0.307 0.268 0.423 0.309
   680 59685 15810  3708 12300    50  0.268 0.424 0.307 0.268 0.423 0.309
   685 59353 15900  3629 12244    50  0.268 0.424 0.308 0.267 0.423 0.310
   690 59775 15894  3517 12559    50  0.268 0.424 0.308 0.267 0.423 0.310
   695 59645 16173  3516 12288    50  0.268 0.424 0.308 0.267 0.423 0.310
   700 59516 16080  3660 12163    50  0.267 0.424 0.308 0.267 0.423 0.310
   705 59706 15937  3474 12390    50  0.267 0.425 0.308 0.266 0.424 0.310
   710 59607 16028  3519 12399    50  0.267 0.424 0.308 0.266 0.424 0.310
   715 59603 15810  3615 12246    50  0.267 0.424 0.309 0.266 0.423 0.311
   720 59490 16010  3513 12284    50  0.267 0.424 0.309 0.266 0.423 0.311
   725 59703 15859  3549 12301    50  0.266 0.424 0.309 0.265 0.423 0.311
   730 59647 15949  3643 12371    50  0.266 0.424 0.310 0.265 0.423 0.311
   735 59602 15795  3636 12247    50  0.266 0.424 0.310 0.265 0.423 0.311
   740 59715 15922  3672 12443    50  0.266 0.424 0.310 0.265 0.423 0.312
   745 59854 15846  3725 12290    50  0.265 0.424 0.310 0.264 0.423 0.312
   750 59688 15806  3680 12316    50  0.265 0.424 0.310 0.264 0.423 0.312
   755 59671 15854  3624 12510    50  0.265 0.424 0.311 0.264 0.423 0.313
   760 59915 15650  3608 12415    50  0.265 0.424 0.311 0.264 0.423 0.313
   765 59723 15867  3611 12232    50  0.265 0.425 0.311 0.264 0.423 0.313
   770 59692 15907  3498 12314    50  0.265 0.424 0.311 0.264 0.423 0.313
   775 59247 15943  3498 12222    50  0.264 0.424 0.311 0.263 0.423 0.313
   780 59632 15724  3603 12332    50  0.264 0.425 0.311 0.263 0.424 0.313
   785 59880 15838  3589 12354    50  0.264 0.425 0.311 0.263 0.424 0.313
   790 59393 15843  3586 12202    50  0.264 0.425 0.311 0.263 0.424 0.314
   795 59386 16064  3547 12359    50  0.264 0.425 0.312 0.262 0.424 0.314
   800 59763 15734  3596 12468    50  0.263 0.425 0.312 0.262 0.424 0.314
   805 59745 15927  3582 12447    50  0.263 0.425 0.312 0.262 0.424 0.314
   810 59881 15894  3560 12300    50  0.263 0.425 0.312 0.262 0.424 0.314
   815 59570 16075  3620 12301    50  0.263 0.425 0.312 0.262 0.424 0.315
   820 59567 15839  3522 12312    50  0.262 0.425 0.313 0.261 0.424 0.315
   825 59770 16099  3574 12336    50  0.262 0.425 0.313 0.261 0.424 0.315
   830 59406 16117  3568 12286    50  0.262 0.425 0.313 0.261 0.424 0.315
   835 59682 15775  3595 12442    50  0.262 0.425 0.313 0.261 0.424 0.315
   840 59812 15935  3602 12381    50  0.262 0.425 0.313 0.261 0.424 0.315
   845 59750 15927  3375 12456    50  0.261 0.425 0.313 0.261 0.424 0.315
   850 59305 15989  3538 12256    50  0.261 0.425 0.314 0.260 0.424 0.315
   855 59653 15829  3549 12300    50  0.261 0.425 0.314 0.260 0.424 0.316
   860 59170 15977  3573 12381    50  0.261 0.425 0.314 0.260 0.424 0.316
   865 59552 15848  3575 12283    50  0.261 0.425 0.314 0.260 0.424 0.316
   870 59803 15888  3609 12554    50  0.261 0.425 0.314 0.260 0.424 0.316
   875 59994 15806  3630 12370    50  0.260 0.425 0.314 0.259 0.424 0.316
   880 59172 15789  3641 12306    50  0.260 0.425 0.315 0.259 0.424 0.317
   885 59399 16013  3554 12367    50  0.260 0.425 0.315 0.259 0.424 0.317
   890 59868 15824  3586 12382    50  0.260 0.425 0.315 0.259 0.424 0.317
   895 59714 15815  3553 12263    50  0.259 0.425 0.315 0.258 0.424 0.317
   900 59360 15966  3621 12252    50  0.259 0.425 0.315 0.258 0.424 0.317
   905 59485 15818  3556 12440    50  0.259 0.426 0.316 0.258 0.425 0.317
   910 59890 16068  3586 12432    50  0.259 0.426 0.316 0.258 0.424 0.318
   915 59949 16134  3685 12433    50  0.259 0.426 0.316 0.258 0.425 0.318
   920 59579 15995  3575 12368    50  0.258 0.426 0.316 0.258 0.425 0.318
   925 59660 15760  3476 12487    50  0.258 0.426 0.316 0.257 0.425 0.318
   930 60035 15811  3582 12355    50  0.258 0.426 0.316 0.257 0.425 0.318
   935 59786 16113  3626 12321    50  0.258 0.426 0.317 0.257 0.425 0.318
   940 59346 15984  3695 12386    50  0.257 0.426 0.317 0.257 0.425 0.319
   945 59639 15786  3461 12316    50  0.257 0.426 0.317 0.257 0.425 0.319
   950 59621 15896  3553 12244    50  0.257 0.426 0.317 0.256 0.425 0.319
   955 59560 15883  3590 12283    50  0.257 0.426 0.317 0.256 0.425 0.319
   960 59328 15915  3584 12322    50  0.257 0.426 0.317 0.256 0.425 0.319
   965 59471 15921  3606 12273    50  0.257 0.426 0.317 0.256 0.425 0.320
   970 59544 16054  3610 12390    50  0.256 0.426 0.318 0.256 0.425 0.320
   975 59692 16099  3589 12381    50  0.256 0.426 0.318 0.255 0.425 0.320
   980 59512 16035  3596 12451    50  0.256 0.426 0.318 0.255 0.425 0.320
   985 60134 16065  3641 12445    50  0.256 0.426 0.318 0.255 0.425 0.320
   990 59634 15994  3647 12426    50  0.256 0.426 0.318 0.255 0.425 0.320
   995 59531 15948  3612 12416    50  0.256 0.426 0.318 0.255 0.425 0.321
  1000 59605 15926  3485 12372    50  0.255 0.426 0.319 0.254 0.425 0.321
  1005 59862 15858  3494 12329    50  0.255 0.426 0.319 0.254 0.425 0.321
  1010 60188 15927  3605 12417    50  0.255 0.426 0.319 0.254 0.425 0.321
  1015 59808 15876  3541 12261    50  0.255 0.426 0.319 0.254 0.425 0.321
  1020 59594 16020  3520 12404    50  0.254 0.426 0.319 0.254 0.425 0.321
  1025 59716 16086  3509 12341    50  0.254 0.426 0.320 0.253 0.425 0.321
  1030 59792 15892  3582 12409    50  0.254 0.426 0.320 0.253 0.425 0.322
  1035 59856 15802  3619 12411    50  0.254 0.426 0.320 0.253 0.425 0.322
  1040 59364 16141  3470 12373    50  0.254 0.426 0.320 0.253 0.425 0.322
  1045 59567 15826  3560 12359    50  0.254 0.426 0.320 0.253 0.425 0.322
  1050 59778 16045  3666 12421    50  0.253 0.426 0.320 0.252 0.425 0.322
  1055 59792 16018  3551 12411    50  0.253 0.426 0.321 0.252 0.425 0.322
  1060 59643 15825  3621 12427    50  0.253 0.427 0.321 0.252 0.425 0.322
  1065 59502 16026  3632 12422    50  0.253 0.426 0.321 0.252 0.425 0.323
  1070 59900 15858  3517 12550    50  0.252 0.426 0.321 0.252 0.426 0.323
  1075 59387 15980  3560 12276    50  0.252 0.426 0.321 0.252 0.425 0.323
  1080 59264 15952  3470 12374    50  0.252 0.426 0.322 0.251 0.425 0.323
  1085 59683 15986  3610 12421    50  0.252 0.426 0.322 0.251 0.425 0.324
  1090 59855 15822  3597 12299    50  0.252 0.426 0.322 0.251 0.425 0.324
  1095 59532 15916  3581 12311    50  0.251 0.426 0.322 0.250 0.425 0.324
  1100 59716 15852  3554 12296    50  0.251 0.427 0.322 0.250 0.425 0.324
  1105 59786 15790  3638 12292    50  0.251 0.427 0.322 0.250 0.426 0.324
  1110 59664 16035  3564 12346    50  0.251 0.427 0.323 0.250 0.425 0.324
  1115 60039 15873  3523 12369    50  0.251 0.426 0.323 0.250 0.426 0.325
  1120 59895 15801  3622 12473    50  0.251 0.426 0.323 0.249 0.426 0.325
  1125 59752 15895  3599 12283    50  0.250 0.427 0.323 0.249 0.426 0.325
  1130 59558 15885  3651 12310    50  0.250 0.427 0.323 0.249 0.426 0.325
  1135 59880 15938  3492 12362    50  0.250 0.427 0.323 0.249 0.426 0.325
  1140 59755 16026  3532 12448    50  0.250 0.427 0.324 0.249 0.426 0.326
  1145 59809 15817  3574 12415    50  0.249 0.427 0.324 0.248 0.426 0.326
  1150 59649 16003  3605 12395    50  0.249 0.427 0.324 0.248 0.426 0.326
  1155 59714 16027  3570 12459    50  0.249 0.427 0.324 0.248 0.426 0.326
  1160 59579 15909  3533 12362    50  0.249 0.427 0.324 0.248 0.426 0.326
  1165 60066 15821  3777 12464    50  0.249 0.427 0.325 0.248 0.426 0.327
  1170 59791 16020  3515 12388    50  0.249 0.427 0.325 0.248 0.426 0.327
  1175 59588 15942  3536 12309    50  0.248 0.427 0.325 0.247 0.426 0.327
  1180 59647 15839  3423 12321    50  0.248 0.427 0.325 0.247 0.426 0.327
  1185 59724 15806  3476 12507    50  0.248 0.427 0.325 0.247 0.426 0.328
  1190 59696 16083  3521 12400    50  0.248 0.427 0.326 0.247 0.426 0.328
  1195 59456 16098  3425 12432    50  0.247 0.427 0.326 0.246 0.426 0.327
  1200 59486 16136  3578 12354    50  0.247 0.427 0.326 0.246 0.426 0.328
  1205 59607 16117  3562 12270    50  0.247 0.427 0.326 0.246 0.426 0.328
  1210 59597 15845  3536 12241    50  0.247 0.427 0.326 0.246 0.426 0.328
  1215 59915 15947  3618 12433    50  0.247 0.427 0.326 0.246 0.426 0.328
  1220 59866 15847  3645 12348    50  0.247 0.427 0.326 0.246 0.426 0.328
  1225 59483 16152  3585 12462    50  0.247 0.427 0.326 0.245 0.426 0.328
  1230 59822 15815  3551 12442    50  0.246 0.427 0.326 0.246 0.426 0.328
  1235 60219 15984  3494 12523    50  0.246 0.427 0.326 0.245 0.426 0.329
  1240 59823 15917  3622 12455    50  0.246 0.427 0.327 0.245 0.426 0.329
  1245 59852 15814  3539 12380    50  0.246 0.427 0.327 0.245 0.426 0.329
  1250 59689 16063  3499 12375    50  0.246 0.427 0.327 0.245 0.426 0.329
  1255 59792 15897  3650 12331    50  0.246 0.427 0.327 0.245 0.426 0.329
  1260 59425 15949  3570 12378    50  0.246 0.427 0.327 0.245 0.426 0.329
  1265 59871 15973  3549 12307    50  0.245 0.427 0.327 0.245 0.426 0.329
  1270 59684 15889  3550 12446    50  0.245 0.427 0.328 0.244 0.426 0.330
  1275 60097 16009  3535 12396    50  0.245 0.427 0.328 0.244 0.426 0.330
  1280 59906 15891  3662 12476    50  0.245 0.427 0.328 0.244 0.426 0.330
  1285 59869 16046  3640 12533    50  0.245 0.427 0.328 0.244 0.426 0.330
  1290 59660 15872  3578 12423    50  0.244 0.427 0.328 0.244 0.426 0.330
  1295 59732 16064  3614 12500    50  0.244 0.427 0.328 0.243 0.426 0.330
  1300 59642 16066  3669 12350    50  0.244 0.427 0.329 0.243 0.426 0.330
  1305 59860 15972  3588 12350    50  0.244 0.427 0.329 0.243 0.426 0.331
  1310 59810 16005  3514 12379    50  0.244 0.427 0.329 0.243 0.426 0.331
  1315 59853 16073  3404 12447    50  0.243 0.427 0.329 0.243 0.426 0.331
  1320 60070 16031  3533 12564    50  0.243 0.427 0.330 0.242 0.426 0.331
  1325 59634 15974  3601 12389    50  0.243 0.427 0.330 0.242 0.426 0.332
  1330 59619 15979  3506 12452    50  0.243 0.427 0.330 0.242 0.426 0.332
  1335 59706 15994  3535 12519    50  0.242 0.428 0.330 0.241 0.427 0.332
  1340 59881 15958  3572 12381    50  0.242 0.428 0.330 0.241 0.427 0.332
  1345 59643 15937  3537 12408    50  0.242 0.428 0.330 0.241 0.427 0.332
  1350 59689 15821  3640 12322    50  0.242 0.428 0.331 0.241 0.427 0.332
  1355 59601 15808  3564 12287    50  0.242 0.427 0.331 0.241 0.427 0.333
  1360 59756 15948  3626 12372    50  0.242 0.427 0.331 0.241 0.426 0.333
  1365 59887 16107  3546 12465    50  0.241 0.428 0.331 0.241 0.426 0.333
  1370 59819 15904  3622 12364    50  0.241 0.428 0.331 0.240 0.426 0.333
  1375 59774 16009  3576 12502    50  0.241 0.428 0.331 0.240 0.426 0.333
  1380 59498 16112  3548 12470    50  0.241 0.428 0.331 0.240 0.427 0.333
  1385 59752 15819  3563 12243    50  0.241 0.428 0.332 0.240 0.427 0.334
  1390 59621 15849  3592 12228    50  0.240 0.428 0.332 0.239 0.427 0.334
  1395 59838 15747  3512 12500    50  0.240 0.428 0.332 0.239 0.427 0.334
  1400 59902 15856  3483 12457    50  0.240 0.428 0.332 0.239 0.427 0.334
  1405 59414 15843  3523 12359    50  0.240 0.428 0.332 0.239 0.427 0.334
  1410 59783 15839  3501 12200    50  0.240 0.428 0.332 0.239 0.427 0.334
  1415 59744 15936  3587 12406    50  0.239 0.428 0.333 0.239 0.427 0.334
  1420 59705 15959  3598 12212    50  0.239 0.428 0.333 0.238 0.427 0.335
  1425 59826 15949  3503 12448    50  0.239 0.428 0.333 0.238 0.427 0.335
  1430 60079 15891  3489 12579    50  0.239 0.428 0.333 0.238 0.427 0.335
  1435 59834 15889  3545 12485    50  0.239 0.428 0.333 0.238 0.427 0.335
  1440 59745 15863  3623 12150    50  0.238 0.428 0.334 0.237 0.427 0.335
  1445 59516 15922  3569 12291    50  0.238 0.428 0.333 0.237 0.427 0.335
  1450 59861 15792  3604 12419    50  0.238 0.428 0.334 0.237 0.427 0.336
  1455 60083 16025  3538 12550    50  0.238 0.428 0.334 0.237 0.427 0.336
  1460 60037 16135  3515 12456    50  0.238 0.428 0.334 0.237 0.427 0.336
  1465 60118 15940  3602 12442    50  0.238 0.428 0.334 0.237 0.428 0.336
  1470 60234 15960  3619 12430    50  0.237 0.428 0.334 0.236 0.427 0.336
  1475 59906 16036  3633 12275    50  0.237 0.428 0.335 0.236 0.427 0.336
  1480 59846 16052  3462 12253    50  0.237 0.428 0.335 0.236 0.428 0.337
  1485 59899 15890  3469 12534    50  0.237 0.428 0.335 0.236 0.427 0.337
  1490 60153 15947  3477 12434    50  0.237 0.428 0.335 0.236 0.427 0.337
  1495 60109 15800  3457 12492    50  0.236 0.428 0.335 0.236 0.427 0.337
  1500 59757 16227  3672 12385    50  0.236 0.428 0.335 0.235 0.427 0.337
  1505 60027 16084  3611 12521    50  0.236 0.428 0.335 0.235 0.427 0.337
  1510 59958 15969  3672 12346    50  0.236 0.428 0.336 0.235 0.427 0.337
  1515 59861 16015  3565 12374    50  0.236 0.429 0.336 0.235 0.428 0.338
  1520 60107 15668  3617 12375    50  0.235 0.429 0.336 0.235 0.428 0.338
  1525 59817 16017  3522 12414    50  0.235 0.429 0.336 0.235 0.428 0.338
  1530 60013 15886  3612 12464    50  0.235 0.429 0.336 0.234 0.428 0.338
  1535 60015 16088  3498 12430    50  0.235 0.429 0.336 0.234 0.428 0.338
  1540 60254 15846  3607 12582    50  0.235 0.429 0.337 0.234 0.428 0.338
  1545 59883 15818  3496 12358    50  0.234 0.429 0.337 0.234 0.428 0.339
  1550 59634 16124  3553 12372    50  0.234 0.429 0.337 0.233 0.428 0.339
  1555 60043 15722  3590 12497    50  0.234 0.429 0.337 0.233 0.428 0.339
  1560 59729 16143  3586 12492    50  0.234 0.429 0.337 0.233 0.428 0.339
  1565 59827 15976  3450 12446    50  0.234 0.429 0.338 0.233 0.427 0.340
  1570 59635 15950  3653 12403    50  0.233 0.429 0.338 0.232 0.428 0.340
  1575 59809 16052  3513 12511    50  0.233 0.429 0.338 0.232 0.428 0.340
  1580 59988 15988  3550 12549    50  0.233 0.429 0.338 0.232 0.428 0.341
  1585 59990 16127  3538 12403    50  0.233 0.429 0.339 0.232 0.428 0.341
  1590 59886 15895  3551 12259    50  0.232 0.429 0.339 0.231 0.428 0.341
  1595 59808 16018  3630 12430    50  0.232 0.429 0.339 0.231 0.428 0.341
  1600 59892 16000  3410 12395    50  0.232 0.429 0.339 0.231 0.428 0.341
  1605 59992 15911  3608 12427    50  0.232 0.429 0.340 0.231 0.427 0.341
  1610 59725 16073  3656 12524    50  0.232 0.429 0.340 0.231 0.427 0.342
  1615 59772 15932  3517 12561    50  0.231 0.429 0.340 0.230 0.428 0.342
  1620 59694 15921  3490 12475    50  0.231 0.429 0.340 0.230 0.428 0.342
  1625 60032 15855  3654 12457    50  0.231 0.429 0.340 0.230 0.428 0.342
  1630 59886 16034  3558 12439    50  0.231 0.429 0.341 0.230 0.428 0.342
  1635 59712 16143  3481 12395    50  0.230 0.429 0.341 0.230 0.428 0.343
  1640 59870 15959  3567 12453    50  0.230 0.429 0.341 0.229 0.428 0.343
  1645 60258 16248  3643 12485    50  0.230 0.429 0.341 0.229 0.428 0.343
  1650 59926 15955  3496 12419    50  0.230 0.429 0.341 0.229 0.428 0.343
  1655 59902 15875  3584 12525    50  0.230 0.429 0.342 0.229 0.428 0.343
  1660 59761 16044  3653 12413    50  0.229 0.429 0.342 0.228 0.428 0.344
  1665 59874 16083  3570 12412    50  0.229 0.429 0.342 0.228 0.428 0.344
  1670 59733 16037  3539 12305    50  0.229 0.429 0.342 0.228 0.428 0.344
  1675 59595 16046  3513 12501    50  0.229 0.429 0.342 0.228 0.428 0.344
  1680 59808 15869  3511 12463    50  0.228 0.429 0.343 0.227 0.428 0.344
  1685 59911 16018  3560 12418    50  0.228 0.429 0.343 0.227 0.428 0.345
  1690 59714 15874  3538 12372    50  0.228 0.429 0.343 0.227 0.428 0.345
  1695 60465 15843  3650 12531    50  0.228 0.429 0.343 0.226 0.429 0.345
  1700 60034 15977  3486 12348    50  0.227 0.429 0.343 0.226 0.428 0.345
  1705 59868 16012  3602 12282    50  0.227 0.429 0.344 0.226 0.428 0.346
  1710 59979 16059  3565 12586    50  0.227 0.429 0.344 0.226 0.428 0.346
  1715 59743 16068  3522 12430    50  0.227 0.429 0.344 0.226 0.428 0.346
  1720 60107 15844  3646 12381    50  0.226 0.429 0.344 0.226 0.428 0.346
  1725 60442 16047  3613 12577    50  0.226 0.429 0.344 0.226 0.428 0.346
  1730 60423 16131  3551 12597    50  0.226 0.429 0.345 0.225 0.428 0.347
  1735 60249 15953  3559 12563    50  0.226 0.429 0.345 0.225 0.428 0.347
  1740 59759 15996  3567 12327    50  0.226 0.429 0.345 0.225 0.428 0.347
  1745 59865 16004  3561 12532    50  0.225 0.429 0.345 0.224 0.428 0.347
  1750 59911 15803  3594 12329    50  0.225 0.429 0.346 0.224 0.428 0.348
  1755 59907 15975  3480 12516    50  0.225 0.429 0.346 0.224 0.428 0.348
  1760 59882 16062  3557 12468    50  0.225 0.429 0.346 0.224 0.428 0.348
  1765 59652 16113  3451 12394    50  0.225 0.429 0.346 0.224 0.428 0.348
  1770 60348 15912  3582 12428    50  0.224 0.429 0.346 0.224 0.428 0.348
  1775 60004 15917  3521 12430    50  0.224 0.429 0.346 0.224 0.428 0.348
  1780 59799 15986  3581 12392    50  0.224 0.429 0.347 0.223 0.428 0.348
  1785 59789 16031  3667 12443    50  0.224 0.429 0.347 0.223 0.428 0.349
  1790 59887 16185  3541 12441    50  0.224 0.429 0.347 0.223 0.429 0.349
  1795 59910 15822  3537 12491    50  0.223 0.429 0.347 0.223 0.428 0.349
  1800 59948 16076  3546 12509    50  0.223 0.430 0.347 0.222 0.428 0.349
  1805 59954 16141  3518 12548    50  0.223 0.429 0.347 0.222 0.428 0.350
  1810 59697 16079  3545 12363    50  0.223 0.430 0.348 0.222 0.428 0.350
  1815 59839 15964  3681 12407    50  0.223 0.429 0.348 0.222 0.428 0.350
  1820 59972 15950  3520 12475    50  0.223 0.429 0.348 0.222 0.428 0.350
  1825 59924 15987  3527 12326    50  0.222 0.429 0.348 0.222 0.428 0.350
  1830 59733 16003  3468 12400    50  0.222 0.429 0.348 0.221 0.428 0.350
  1835 59691 16132  3566 12438    50  0.222 0.429 0.349 0.221 0.428 0.350
  1840 59962 16026  3483 12393    50  0.222 0.429 0.349 0.221 0.428 0.351
  1845 59669 16031  3616 12379    50  0.222 0.429 0.349 0.221 0.428 0.351
  1850 60157 16054  3473 12364    50  0.221 0.429 0.349 0.220 0.429 0.351
  1855 59823 15901  3566 12341    50  0.221 0.430 0.349 0.220 0.429 0.351
  1860 59960 15947  3587 12473    50  0.221 0.430 0.350 0.220 0.429 0.351
  1865 59998 15999  3512 12433    50  0.221 0.430 0.350 0.220 0.429 0.352
  1870 60088 16081  3531 12543    50  0.220 0.430 0.350 0.220 0.429 0.352
  1875 60135 16228  3546 12591    50  0.220 0.430 0.350 0.219 0.429 0.352
  1880 59861 16189  3483 12535    50  0.220 0.430 0.350 0.219 0.429 0.352
  1885 59863 16020  3504 12423    50  0.220 0.430 0.350 0.219 0.429 0.352
  1890 60246 16022  3516 12541    50  0.220 0.430 0.350 0.219 0.429 0.352
  1895 60223 15943  3536 12490    50  0.220 0.430 0.351 0.219 0.429 0.352
  1900 59917 16155  3515 12375    50  0.219 0.430 0.351 0.219 0.429 0.353
  1905 60011 16101  3561 12437    50  0.219 0.430 0.351 0.218 0.429 0.353
  1910 59896 15809  3560 12416    50  0.219 0.430 0.351 0.218 0.429 0.353
  1915 60138 15893  3571 12491    50  0.219 0.430 0.351 0.218 0.429 0.353
  1920 59986 16064  3603 12499    50  0.219 0.430 0.352 0.218 0.429 0.354
  1925 59678 16086  3518 12523    50  0.218 0.430 0.352 0.218 0.429 0.354
  1930 59826 16055  3422 12395    50  0.218 0.430 0.352 0.217 0.428 0.354
  1935 59892 16020  3536 12449    50  0.218 0.430 0.352 0.217 0.429 0.354
  1940 60202 15963  3568 12426    50  0.218 0.430 0.353 0.217 0.429 0.354
  1945 59693 16087  3382 12372    50  0.218 0.430 0.353 0.217 0.429 0.355
  1950 59960 15892  3601 12480    50  0.217 0.430 0.353 0.216 0.429 0.355
  1955 60266 16042  3545 12561    50  0.217 0.430 0.353 0.216 0.429 0.355
  1960 60035 16049  3405 12472    50  0.217 0.430 0.354 0.216 0.428 0.355
  1965 59668 15902  3490 12205    50  0.217 0.430 0.354 0.216 0.429 0.355
  1970 60012 15772  3445 12414    50  0.216 0.430 0.354 0.216 0.429 0.356
  1975 59981 15978  3545 12515    50  0.216 0.430 0.354 0.215 0.429 0.356
  1980 60063 15919  3541 12524    50  0.216 0.430 0.354 0.215 0.429 0.356
  1985 60121 16097  3575 12495    50  0.216 0.430 0.354 0.215 0.429 0.356
  1990 59831 16011  3550 12390    50  0.216 0.430 0.355 0.215 0.429 0.357
  1995 59723 16038  3563 12367    50  0.215 0.430 0.355 0.215 0.429 0.357
  2000 59766 15967  3551 12378    50  0.215 0.430 0.355 0.214 0.429 0.357
