 nmt =               50
 dmf =      T
 dff =      F
 vgr =       0.100000001    
 lde =        0.00000000    
 theta =     0.500000000    
 sigma =     0.500000000    
 ssr =                1
 dr =        0.300000012    
 mr =         9.99999978E-03
 spdispr =           30
 gs =               300
 ini =            60000
 ngen =            2000
 Myseed =         84563
 nmap =              50
 Gen nind ndea nveg nspo num_mat veg_1 spo_1 mat_1 veg_2 spo_2 mat_2
     0 60000     0     0     0    50  0.334 0.334 0.332   NaN   NaN   NaN
     5 52875 14234  4004 10069    50  0.310 0.345 0.345 0.247 0.252 0.501
    10 51720 13930  4032  9839    50  0.279 0.330 0.391 0.224 0.243 0.533
    15 50763 13793  4032  9469    50  0.255 0.314 0.432 0.207 0.236 0.557
    20 49749 13590  4196  9136    50  0.236 0.298 0.466 0.194 0.229 0.577
    25 48556 13104  4143  8629    50  0.219 0.284 0.497 0.183 0.222 0.596
    30 47465 13001  4286  8467    50  0.206 0.270 0.524 0.173 0.217 0.610
    35 46250 12496  4222  8039    50  0.195 0.257 0.548 0.166 0.210 0.624
    40 45419 12370  4329  7761    50  0.185 0.248 0.567 0.159 0.205 0.636
    45 44510 12070  4389  7591    50  0.177 0.237 0.586 0.155 0.199 0.646
    50 43504 11829  4517  7246    50  0.170 0.228 0.602 0.150 0.194 0.655
    55 42914 11680  4522  7158    50  0.164 0.221 0.615 0.146 0.190 0.664
    60 41713 11610  4503  6756    50  0.158 0.214 0.628 0.142 0.186 0.671
    65 40685 11215  4542  6560    50  0.153 0.208 0.639 0.139 0.184 0.678
    70 40367 11168  4606  6349    50  0.148 0.203 0.649 0.135 0.181 0.684
    75 40044 11116  4587  6307    50  0.144 0.198 0.658 0.133 0.178 0.689
    80 39390 10888  4596  6068    50  0.141 0.194 0.666 0.130 0.175 0.695
    85 38561 10855  4620  5887    50  0.138 0.189 0.673 0.128 0.172 0.699
    90 37965 10431  4553  5773    50  0.135 0.186 0.680 0.126 0.170 0.703
    95 37861 10511  4651  5795    50  0.132 0.182 0.686 0.124 0.168 0.708
   100 37284 10313  4745  5656    50  0.129 0.179 0.691 0.122 0.166 0.712
   105 37032 10339  4612  5585    50  0.127 0.176 0.697 0.120 0.164 0.715
   110 36611 10108  4569  5411    50  0.125 0.173 0.701 0.119 0.162 0.719
   115 36381  9915  4640  5408    50  0.123 0.171 0.706 0.117 0.160 0.723
   120 36267 10033  4665  5323    50  0.121 0.168 0.711 0.115 0.158 0.726
   125 35810 10036  4597  5175    50  0.119 0.166 0.715 0.114 0.157 0.729
   130 35491  9848  4588  5135    50  0.118 0.164 0.718 0.112 0.155 0.733
   135 35240  9724  4586  4996    50  0.116 0.162 0.722 0.111 0.154 0.736
   140 34729  9676  4525  5024    50  0.114 0.160 0.725 0.109 0.153 0.738
   145 34482  9533  4580  4859    50  0.113 0.158 0.729 0.108 0.151 0.741
   150 34244  9457  4749  4905    50  0.111 0.157 0.732 0.106 0.150 0.744
   155 34311  9487  4691  4828    50  0.110 0.155 0.735 0.105 0.148 0.747
   160 34082  9382  4761  4709    50  0.108 0.154 0.738 0.103 0.147 0.750
   165 33746  9411  4688  4629    50  0.107 0.152 0.741 0.102 0.146 0.752
   170 33556  9362  4756  4605    50  0.105 0.151 0.744 0.101 0.145 0.755
   175 33189  9320  4589  4467    50  0.104 0.149 0.747 0.099 0.144 0.757
   180 32746  9147  4591  4480    50  0.103 0.148 0.749 0.098 0.142 0.759
   185 32774  9168  4668  4471    50  0.101 0.147 0.752 0.097 0.142 0.762
   190 32495  8994  4631  4303    50  0.100 0.146 0.754 0.095 0.141 0.764
   195 32150  9023  4518  4329    50  0.099 0.145 0.756 0.094 0.139 0.766
   200 31977  8821  4569  4258    50  0.098 0.143 0.759 0.093 0.139 0.768
   205 32007  8965  4585  4329    50  0.096 0.143 0.761 0.092 0.137 0.771
   210 32045  8812  4606  4167    50  0.095 0.141 0.763 0.091 0.136 0.773
   215 31838  8977  4686  4155    50  0.094 0.141 0.765 0.090 0.135 0.775
   220 31495  8873  4529  4155    50  0.093 0.140 0.768 0.088 0.135 0.777
   225 30979  8755  4674  3934    50  0.092 0.139 0.770 0.087 0.134 0.779
   230 31014  8639  4640  3994    50  0.090 0.138 0.772 0.085 0.133 0.781
   235 31011  8643  4751  4021    50  0.089 0.137 0.774 0.084 0.132 0.783
   240 30528  8590  4459  3842    50  0.088 0.136 0.776 0.083 0.131 0.786
   245 30635  8454  4637  3912    50  0.087 0.135 0.778 0.082 0.130 0.787
   250 30589  8731  4686  3890    50  0.086 0.134 0.780 0.081 0.130 0.789
   255 30560  8566  4713  3887    50  0.085 0.133 0.782 0.080 0.129 0.792
   260 30360  8459  4662  3819    50  0.083 0.132 0.785 0.078 0.128 0.794
   265 29743  8380  4533  3684    50  0.082 0.131 0.787 0.077 0.127 0.796
   270 29724  8236  4577  3710    50  0.081 0.130 0.789 0.076 0.126 0.798
   275 29439  8384  4630  3680    50  0.080 0.130 0.790 0.075 0.125 0.800
   280 29183  8255  4606  3603    50  0.079 0.129 0.793 0.074 0.124 0.802
   285 29100  8076  4745  3624    50  0.078 0.128 0.794 0.073 0.124 0.804
   290 29080  8194  4526  3626    50  0.076 0.127 0.796 0.072 0.123 0.806
   295 28738  8122  4576  3519    50  0.075 0.126 0.798 0.071 0.122 0.807
   300 28457  7997  4504  3465    50  0.074 0.126 0.800 0.069 0.121 0.809
   305 28369  8129  4607  3415    50  0.073 0.125 0.802 0.069 0.120 0.811
   310 28386  7849  4511  3447    50  0.072 0.124 0.804 0.068 0.119 0.813
   315 28211  7922  4543  3348    50  0.071 0.123 0.806 0.067 0.118 0.815
   320 28100  7906  4657  3308    50  0.071 0.122 0.807 0.066 0.118 0.816
   325 27737  7842  4480  3292    50  0.069 0.121 0.809 0.065 0.117 0.818
   330 27794  7535  4482  3338    50  0.069 0.120 0.811 0.064 0.116 0.820
   335 26901  7783  4314  3183    50  0.068 0.120 0.813 0.063 0.116 0.822
   340 27167  7511  4506  3163    50  0.067 0.119 0.814 0.062 0.115 0.823
   345 27202  7612  4536  3164    50  0.066 0.118 0.816 0.061 0.114 0.825
   350 27332  7544  4398  3161    50  0.065 0.118 0.818 0.060 0.113 0.827
   355 27161  7723  4463  3100    50  0.064 0.117 0.819 0.059 0.113 0.828
   360 26865  7580  4486  3094    50  0.063 0.116 0.821 0.058 0.112 0.830
   365 26665  7591  4503  3006    50  0.062 0.116 0.823 0.057 0.111 0.832
   370 26294  7502  4421  2974    50  0.061 0.115 0.824 0.056 0.110 0.834
   375 26019  7606  4437  2910    50  0.060 0.114 0.826 0.055 0.110 0.835
   380 26291  7440  4471  2966    50  0.059 0.114 0.827 0.054 0.109 0.837
   385 26084  7293  4430  2868    50  0.058 0.113 0.829 0.054 0.108 0.838
   390 25818  7339  4390  2895    50  0.057 0.112 0.830 0.052 0.108 0.839
   395 25935  7258  4402  2897    50  0.057 0.112 0.832 0.052 0.107 0.841
   400 25927  7318  4425  2913    50  0.056 0.111 0.833 0.051 0.107 0.842
   405 25543  7238  4366  2845    50  0.055 0.110 0.835 0.050 0.106 0.844
   410 25358  7160  4345  2756    50  0.054 0.110 0.836 0.049 0.105 0.846
   415 24815  7174  4410  2636    50  0.053 0.109 0.838 0.049 0.104 0.847
   420 24879  7099  4342  2665    50  0.052 0.108 0.839 0.048 0.104 0.848
   425 24697  7022  4333  2678    50  0.052 0.108 0.841 0.047 0.103 0.850
   430 24739  7031  4370  2660    50  0.051 0.107 0.842 0.046 0.103 0.851
   435 24456  6810  4296  2549    50  0.050 0.106 0.844 0.046 0.102 0.852
   440 24655  6947  4235  2656    50  0.049 0.106 0.845 0.045 0.102 0.854
   445 24323  6923  4309  2506    50  0.048 0.105 0.847 0.044 0.101 0.855
   450 24399  6882  4367  2502    50  0.048 0.104 0.848 0.044 0.100 0.856
   455 24542  6832  4331  2604    50  0.047 0.104 0.849 0.043 0.099 0.858
   460 24319  6916  4294  2629    50  0.047 0.103 0.851 0.042 0.099 0.859
   465 24118  6756  4333  2527    50  0.046 0.102 0.852 0.041 0.098 0.861
   470 23950  6735  4312  2458    50  0.045 0.102 0.853 0.040 0.098 0.862
   475 23731  6771  4267  2436    50  0.044 0.101 0.855 0.040 0.097 0.863
   480 23299  6771  4188  2310    50  0.044 0.101 0.856 0.039 0.096 0.865
   485 23467  6578  4147  2490    50  0.043 0.100 0.857 0.038 0.096 0.866
   490 23557  6755  4206  2435    50  0.042 0.100 0.858 0.037 0.095 0.867
   495 23465  6626  4317  2348    50  0.042 0.099 0.859 0.037 0.094 0.869
   500 23087  6726  4249  2341    50  0.041 0.099 0.860 0.036 0.094 0.870
   505 22782  6491  4143  2256    50  0.040 0.098 0.862 0.036 0.094 0.871
   510 22469  6474  4070  2175    50  0.040 0.097 0.863 0.035 0.093 0.871
   515 22433  6364  4138  2242    50  0.039 0.097 0.864 0.035 0.093 0.873
   520 22217  6283  4057  2159    50  0.039 0.096 0.865 0.034 0.092 0.874
   525 22211  6329  4140  2197    50  0.038 0.096 0.866 0.033 0.092 0.875
   530 22244  6344  4157  2119    50  0.037 0.095 0.867 0.033 0.091 0.876
   535 22188  6311  4162  2201    50  0.037 0.095 0.868 0.032 0.091 0.877
   540 21952  6380  4035  2208    50  0.036 0.094 0.869 0.032 0.090 0.878
   545 21780  6324  4109  2146    50  0.036 0.094 0.870 0.031 0.089 0.879
   550 21523  6334  4113  2016    50  0.035 0.094 0.871 0.031 0.089 0.880
   555 21400  5945  4022  2052    50  0.035 0.093 0.872 0.030 0.088 0.881
   560 21278  5913  4034  1942    50  0.034 0.092 0.874 0.029 0.088 0.882
   565 21115  6072  3946  1978    50  0.034 0.092 0.874 0.029 0.088 0.883
   570 20733  5988  3920  1883    50  0.033 0.091 0.876 0.028 0.087 0.885
   575 20778  5977  3939  1908    50  0.033 0.091 0.876 0.028 0.087 0.885
   580 21070  5900  4123  1948    50  0.032 0.091 0.877 0.028 0.086 0.886
   585 21235  6094  4186  1941    50  0.032 0.090 0.878 0.028 0.086 0.887
   590 20563  5887  3919  1853    50  0.032 0.090 0.879 0.027 0.085 0.888
   595 20714  5930  4012  1896    50  0.031 0.089 0.880 0.027 0.085 0.888
   600 20498  5926  3867  1974    50  0.031 0.089 0.881 0.026 0.084 0.890
   605 20311  5851  3890  1819    50  0.030 0.088 0.881 0.026 0.084 0.890
   610 20284  5683  3968  1837    50  0.030 0.088 0.882 0.026 0.083 0.891
   615 19993  5771  3970  1742    50  0.029 0.087 0.883 0.025 0.083 0.892
   620 20070  5772  3873  1746    50  0.029 0.087 0.884 0.025 0.082 0.893
   625 19796  5502  3921  1707    50  0.029 0.086 0.885 0.024 0.081 0.894
   630 20069  5814  3917  1767    50  0.028 0.086 0.886 0.024 0.081 0.894
   635 19606  5636  3937  1664    50  0.028 0.086 0.886 0.024 0.081 0.895
   640 19587  5552  3783  1702    50  0.028 0.085 0.887 0.024 0.081 0.896
   645 19395  5615  3855  1643    50  0.027 0.085 0.888 0.023 0.081 0.896
   650 19461  5765  3804  1685    50  0.027 0.085 0.889 0.023 0.080 0.897
   655 19538  5506  3865  1695    50  0.027 0.084 0.889 0.023 0.079 0.898
   660 19054  5515  3770  1580    50  0.027 0.084 0.890 0.022 0.079 0.899
   665 18983  5378  3825  1688    50  0.026 0.083 0.890 0.022 0.078 0.900
   670 18815  5447  3726  1649    50  0.026 0.083 0.891 0.022 0.078 0.900
   675 18323  5287  3650  1522    50  0.026 0.082 0.892 0.022 0.078 0.900
   680 18247  5261  3719  1595    50  0.026 0.082 0.892 0.022 0.077 0.901
   685 17872  5106  3652  1551    50  0.026 0.081 0.893 0.022 0.077 0.901
   690 17760  4919  3585  1464    50  0.026 0.081 0.893 0.021 0.077 0.902
   695 17778  5047  3699  1428    50  0.026 0.081 0.893 0.021 0.076 0.902
   700 17573  5081  3578  1424    50  0.025 0.080 0.894 0.021 0.076 0.903
   705 17469  5085  3573  1375    50  0.025 0.080 0.895 0.021 0.076 0.903
   710 17320  5032  3527  1399    50  0.025 0.080 0.896 0.021 0.076 0.903
   715 17363  5113  3547  1428    50  0.024 0.079 0.896 0.021 0.075 0.904
   720 17015  4917  3489  1387    50  0.024 0.079 0.896 0.020 0.075 0.905
   725 17409  4889  3594  1432    50  0.024 0.079 0.897 0.020 0.074 0.905
   730 17411  4961  3585  1355    50  0.024 0.079 0.897 0.020 0.074 0.906
   735 16971  4955  3533  1347    50  0.024 0.078 0.898 0.020 0.074 0.906
   740 16963  4877  3502  1318    50  0.024 0.078 0.899 0.020 0.074 0.907
   745 17062  4928  3626  1312    50  0.024 0.077 0.899 0.020 0.073 0.907
   750 16867  4776  3535  1259    50  0.024 0.077 0.900 0.020 0.073 0.908
   755 16589  4826  3399  1344    50  0.023 0.077 0.900 0.019 0.073 0.908
   760 16473  4608  3518  1262    50  0.023 0.077 0.900 0.020 0.072 0.908
   765 16441  4830  3460  1252    50  0.023 0.076 0.901 0.019 0.072 0.908
   770 16271  4661  3462  1249    50  0.023 0.076 0.901 0.019 0.072 0.909
   775 16505  4699  3501  1258    50  0.023 0.076 0.901 0.019 0.071 0.910
   780 16138  4728  3393  1197    50  0.023 0.076 0.901 0.019 0.071 0.910
   785 16404  4582  3514  1300    50  0.023 0.075 0.902 0.019 0.071 0.910
   790 16041  4689  3305  1181    50  0.023 0.075 0.902 0.019 0.071 0.911
   795 16187  4703  3404  1156    50  0.023 0.075 0.902 0.019 0.070 0.911
   800 16033  4628  3338  1202    50  0.023 0.074 0.903 0.019 0.070 0.911
   805 15956  4730  3347  1253    50  0.023 0.074 0.903 0.019 0.070 0.911
   810 16002  4654  3463  1221    50  0.023 0.074 0.903 0.019 0.069 0.912
   815 15931  4511  3369  1210    50  0.023 0.073 0.904 0.019 0.069 0.911
   820 15639  4537  3284  1179    50  0.023 0.073 0.904 0.019 0.069 0.912
   825 15622  4488  3398  1184    50  0.023 0.073 0.904 0.019 0.069 0.912
   830 15593  4488  3321  1126    50  0.023 0.073 0.904 0.019 0.069 0.912
   835 15518  4393  3375  1061    50  0.023 0.073 0.904 0.019 0.068 0.912
   840 15465  4410  3334  1106    50  0.023 0.073 0.904 0.019 0.068 0.913
   845 15393  4364  3285  1240    50  0.023 0.072 0.905 0.019 0.068 0.913
   850 15528  4476  3275  1124    50  0.023 0.072 0.905 0.019 0.068 0.913
   855 15338  4425  3327  1163    50  0.023 0.072 0.906 0.019 0.068 0.913
   860 15161  4402  3384  1052    50  0.023 0.071 0.906 0.019 0.067 0.914
   865 15376  4399  3350  1148    50  0.022 0.071 0.907 0.019 0.067 0.914
   870 15362  4404  3353  1058    50  0.022 0.071 0.907 0.019 0.067 0.915
   875 15006  4438  3271  1012    50  0.023 0.071 0.907 0.019 0.066 0.915
   880 14660  4311  3215  1041    50  0.022 0.070 0.907 0.019 0.066 0.916
   885 14229  4163  3101   980    50  0.023 0.070 0.907 0.018 0.066 0.916
   890 14169  4154  3157  1037    50  0.022 0.070 0.908 0.019 0.066 0.916
   895 14159  4020  3067   984    50  0.022 0.070 0.908 0.019 0.065 0.916
   900 14484  4147  3152   992    50  0.023 0.069 0.908 0.019 0.065 0.916
   905 14420  4117  3135  1016    50  0.023 0.069 0.908 0.019 0.064 0.917
   910 14089  4010  3137   984    50  0.023 0.069 0.909 0.019 0.064 0.917
   915 13721  4063  3032   911    50  0.023 0.069 0.909 0.019 0.064 0.918
   920 13932  4122  3086   967    50  0.023 0.068 0.909 0.019 0.064 0.917
   925 13775  4031  3024   933    50  0.023 0.068 0.909 0.019 0.064 0.918
   930 13339  3922  2994   893    50  0.023 0.068 0.909 0.019 0.064 0.918
   935 13187  3825  2999   869    50  0.023 0.068 0.910 0.019 0.064 0.917
   940 13306  3910  2975   872    50  0.023 0.067 0.910 0.019 0.063 0.918
   945 13273  3977  2997   886    50  0.023 0.067 0.910 0.019 0.063 0.918
   950 13154  3763  2976   891    50  0.023 0.067 0.910 0.019 0.062 0.919
   955 12938  3785  2766   810    50  0.023 0.067 0.910 0.019 0.062 0.919
   960 12834  3668  2905   833    50  0.023 0.066 0.910 0.019 0.062 0.919
   965 12856  3570  2933   895    50  0.023 0.066 0.911 0.019 0.062 0.919
   970 13084  3709  2887   859    50  0.023 0.066 0.911 0.020 0.061 0.919
   975 13087  3840  2945   848    50  0.023 0.066 0.911 0.020 0.061 0.919
   980 12738  3831  2897   837    50  0.023 0.066 0.912 0.019 0.061 0.919
   985 12500  3554  2834   773    50  0.023 0.066 0.912 0.019 0.061 0.920
   990 12462  3733  2826   812    50  0.023 0.065 0.912 0.019 0.061 0.920
   995 12520  3633  2903   807    50  0.023 0.065 0.912 0.019 0.061 0.919
  1000 12356  3573  2832   780    50  0.022 0.065 0.912 0.019 0.061 0.920
  1005 12417  3526  2874   778    50  0.023 0.065 0.912 0.019 0.061 0.920
  1010 12233  3611  2746   769    50  0.023 0.065 0.912 0.019 0.061 0.920
  1015 12114  3433  2788   743    50  0.022 0.065 0.913 0.019 0.061 0.920
  1020 11871  3568  2717   682    50  0.023 0.064 0.913 0.019 0.060 0.921
  1025 11808  3377  2653   725    50  0.023 0.064 0.913 0.019 0.061 0.920
  1030 11547  3351  2557   718    50  0.023 0.064 0.914 0.019 0.061 0.921
  1035 11431  3425  2638   695    50  0.023 0.064 0.913 0.019 0.060 0.921
  1040 11514  3262  2633   692    50  0.023 0.064 0.913 0.019 0.060 0.921
  1045 11440  3268  2630   707    50  0.023 0.064 0.913 0.019 0.060 0.921
  1050 10968  3285  2546   631    50  0.023 0.064 0.914 0.019 0.060 0.921
  1055 10824  3108  2480   672    50  0.023 0.063 0.914 0.019 0.060 0.921
  1060 10900  3139  2547   645    50  0.023 0.063 0.914 0.019 0.060 0.921
  1065 11040  3148  2627   686    50  0.023 0.063 0.914 0.019 0.060 0.921
  1070 11017  3198  2553   669    50  0.022 0.064 0.914 0.019 0.059 0.922
  1075 11049  3121  2581   637    50  0.022 0.063 0.914 0.019 0.059 0.922
  1080 10832  3155  2489   639    50  0.022 0.063 0.915 0.019 0.059 0.922
  1085 10834  3057  2467   683    50  0.022 0.063 0.915 0.019 0.059 0.922
  1090 10923  3031  2570   664    50  0.022 0.063 0.915 0.019 0.059 0.922
  1095 10820  3139  2416   620    50  0.022 0.063 0.915 0.018 0.059 0.923
  1100 10843  3134  2494   600    50  0.022 0.063 0.914 0.018 0.058 0.924
  1105 10527  3065  2396   642    50  0.022 0.063 0.915 0.019 0.058 0.923
  1110 10432  3183  2527   595    50  0.022 0.063 0.915 0.019 0.058 0.923
  1115 10502  3059  2414   613    49  0.022 0.063 0.915 0.019 0.058 0.923
  1120 10281  3048  2504   578    49  0.022 0.063 0.915 0.019 0.059 0.922
  1125 10175  2914  2341   569    48  0.022 0.063 0.915 0.019 0.059 0.922
  1130 10146  2967  2355   547    48  0.022 0.063 0.915 0.019 0.059 0.922
  1135 10204  2880  2390   580    48  0.022 0.063 0.915 0.019 0.059 0.922
  1140 10278  2855  2448   607    48  0.022 0.063 0.915 0.019 0.059 0.922
  1145 10063  3012  2379   563    48  0.022 0.063 0.915 0.019 0.059 0.922
  1150 10084  2935  2341   571    48  0.022 0.063 0.915 0.019 0.059 0.922
  1155 10407  2837  2469   618    48  0.022 0.062 0.916 0.019 0.059 0.922
  1160 10224  2960  2373   583    48  0.022 0.063 0.915 0.019 0.059 0.922
  1165 10176  2914  2356   581    48  0.022 0.063 0.916 0.019 0.058 0.923
  1170 10186  2980  2383   604    48  0.022 0.063 0.916 0.019 0.058 0.923
  1175 10256  3034  2421   589    48  0.022 0.062 0.916 0.019 0.058 0.923
  1180  9891  2958  2329   553    48  0.022 0.062 0.916 0.019 0.058 0.924
  1185  9738  2761  2280   564    48  0.022 0.062 0.916 0.019 0.058 0.923
  1190  9656  2902  2243   543    48  0.022 0.062 0.916 0.019 0.058 0.924
  1195  9445  2733  2156   543    48  0.022 0.062 0.916 0.018 0.058 0.924
  1200  9241  2673  2179   519    48  0.022 0.062 0.916 0.019 0.057 0.924
  1205  9029  2704  2140   512    48  0.022 0.062 0.916 0.018 0.057 0.924
  1210  9025  2526  2073   476    48  0.022 0.062 0.916 0.019 0.058 0.924
  1215  9068  2704  2121   528    48  0.022 0.062 0.916 0.019 0.057 0.924
  1220  8972  2747  2171   468    48  0.022 0.062 0.916 0.019 0.058 0.923
  1225  9093  2686  2185   527    48  0.022 0.061 0.917 0.019 0.058 0.923
  1230  8842  2581  2036   475    48  0.022 0.061 0.917 0.019 0.057 0.924
  1235  8664  2586  2142   459    48  0.022 0.062 0.917 0.019 0.057 0.924
  1240  8569  2524  2029   443    48  0.022 0.062 0.917 0.019 0.058 0.924
  1245  8345  2528  2015   424    48  0.022 0.061 0.917 0.019 0.058 0.924
  1250  8458  2524  2005   411    47  0.022 0.061 0.917 0.018 0.058 0.924
  1255  8397  2464  1987   412    47  0.022 0.061 0.918 0.019 0.058 0.924
  1260  8240  2380  1975   429    47  0.021 0.061 0.917 0.019 0.058 0.923
  1265  8071  2342  1935   450    47  0.021 0.061 0.917 0.018 0.058 0.924
  1270  7975  2385  1901   385    47  0.021 0.062 0.917 0.018 0.058 0.924
  1275  7709  2259  1856   368    47  0.021 0.062 0.917 0.018 0.059 0.923
  1280  7522  2250  1765   354    47  0.021 0.062 0.917 0.018 0.059 0.923
  1285  7634  2216  1856   393    47  0.021 0.062 0.917 0.018 0.059 0.923
  1290  7539  2115  1848   390    47  0.021 0.062 0.917 0.018 0.058 0.923
  1295  7305  2156  1727   354    46  0.021 0.062 0.917 0.019 0.058 0.924
  1300  7391  2180  1761   382    46  0.021 0.062 0.917 0.018 0.058 0.924
  1305  7330  2158  1758   360    46  0.021 0.062 0.917 0.019 0.058 0.923
  1310  7467  2192  1815   388    46  0.022 0.062 0.917 0.018 0.058 0.924
  1315  7519  2186  1843   373    46  0.021 0.062 0.917 0.018 0.058 0.924
  1320  7397  2127  1755   372    46  0.021 0.062 0.917 0.018 0.058 0.924
  1325  7230  2042  1762   344    46  0.021 0.062 0.917 0.018 0.058 0.924
  1330  7295  2082  1760   365    46  0.022 0.062 0.916 0.018 0.058 0.924
  1335  7214  2146  1710   368    45  0.021 0.062 0.916 0.018 0.058 0.924
  1340  7172  2123  1746   346    45  0.021 0.063 0.916 0.018 0.058 0.924
  1345  7283  2118  1774   339    45  0.021 0.062 0.917 0.018 0.058 0.924
  1350  7197  2159  1723   364    45  0.021 0.062 0.917 0.018 0.058 0.924
  1355  7131  2031  1667   372    45  0.021 0.062 0.917 0.018 0.058 0.924
  1360  7261  2044  1727   372    44  0.021 0.062 0.917 0.018 0.057 0.924
  1365  7030  2036  1688   336    44  0.021 0.062 0.917 0.018 0.057 0.925
  1370  6972  2057  1662   320    44  0.021 0.061 0.918 0.018 0.057 0.925
  1375  6674  1993  1607   309    44  0.021 0.062 0.917 0.018 0.057 0.925
  1380  6516  1971  1550   284    44  0.022 0.061 0.917 0.018 0.057 0.925
  1385  6207  1831  1499   284    44  0.021 0.061 0.918 0.018 0.056 0.926
  1390  6146  1797  1572   286    44  0.021 0.061 0.918 0.018 0.056 0.925
  1395  6170  1810  1539   283    44  0.021 0.061 0.918 0.018 0.057 0.925
  1400  6036  1769  1472   288    44  0.021 0.061 0.918 0.018 0.057 0.925
  1405  5891  1732  1404   290    44  0.021 0.061 0.918 0.018 0.057 0.925
  1410  5873  1759  1491   260    44  0.021 0.060 0.919 0.018 0.057 0.925
  1415  5884  1726  1452   280    44  0.021 0.061 0.918 0.018 0.057 0.925
  1420  5482  1696  1275   245    44  0.021 0.061 0.918 0.018 0.057 0.925
  1425  5431  1587  1344   246    44  0.021 0.061 0.919 0.018 0.057 0.925
  1430  5202  1586  1319   220    43  0.021 0.061 0.918 0.017 0.057 0.925
  1435  5039  1402  1169   245    43  0.021 0.061 0.918 0.018 0.057 0.924
  1440  4965  1394  1246   209    43  0.021 0.061 0.918 0.018 0.058 0.924
  1445  4941  1492  1280   170    43  0.021 0.061 0.918 0.018 0.058 0.924
  1450  4981  1333  1201   197    43  0.021 0.062 0.918 0.019 0.058 0.923
  1455  4971  1433  1259   202    43  0.021 0.062 0.917 0.019 0.058 0.923
  1460  4802  1372  1219   227    42  0.021 0.062 0.917 0.020 0.059 0.921
  1465  4633  1400  1143   211    42  0.021 0.062 0.917 0.019 0.060 0.921
  1470  4538  1327  1096   192    41  0.021 0.062 0.917 0.019 0.060 0.921
  1475  4506  1294  1089   209    41  0.022 0.062 0.916 0.020 0.060 0.920
  1480  4442  1298  1139   175    41  0.022 0.062 0.917 0.020 0.060 0.921
  1485  4293  1256  1069   183    41  0.022 0.062 0.917 0.020 0.059 0.921
  1490  4032  1217  1023   166    41  0.022 0.062 0.916 0.020 0.059 0.921
  1495  3888  1188   930   166    41  0.022 0.062 0.916 0.020 0.058 0.922
  1500  3818  1118   989   138    41  0.022 0.062 0.917 0.020 0.058 0.921
  1505  3679  1100   881   148    41  0.021 0.062 0.917 0.020 0.059 0.921
  1510  3370  1017   813   157    41  0.022 0.062 0.916 0.020 0.059 0.922
  1515  3281   912   777   147    41  0.022 0.062 0.915 0.020 0.059 0.921
  1520  3087   991   802   132    41  0.022 0.062 0.916 0.020 0.059 0.921
  1525  2949   902   760   117    41  0.022 0.062 0.916 0.020 0.060 0.921
  1530  3002   908   763   141    41  0.022 0.062 0.916 0.019 0.060 0.921
  1535  2949   811   723   120    40  0.023 0.062 0.916 0.020 0.060 0.921
  1540  2864   835   700   119    39  0.022 0.061 0.916 0.019 0.059 0.922
  1545  2757   841   680    95    39  0.022 0.061 0.916 0.018 0.058 0.924
  1550  2559   775   641    79    38  0.023 0.061 0.916 0.018 0.057 0.925
  1555  2546   720   628    95    38  0.022 0.061 0.916 0.019 0.058 0.923
  1560  2477   719   620    83    38  0.022 0.061 0.917 0.018 0.058 0.923
  1565  2450   710   625    90    38  0.022 0.062 0.916 0.017 0.058 0.924
  1570  2363   618   550    73    38  0.022 0.061 0.917 0.017 0.060 0.923
  1575  2230   645   549    72    37  0.022 0.061 0.917 0.019 0.060 0.921
  1580  2147   598   554    77    36  0.022 0.061 0.917 0.019 0.060 0.922
  1585  2021   623   527    72    36  0.022 0.062 0.916 0.018 0.060 0.922
  1590  2000   554   529    56    36  0.022 0.062 0.916 0.018 0.061 0.921
  1595  1822   490   485    57    36  0.022 0.062 0.915 0.018 0.060 0.922
  1600  1814   505   465    56    35  0.021 0.064 0.915 0.018 0.060 0.923
  1605  1765   542   464    62    35  0.021 0.064 0.915 0.019 0.060 0.921
  1610  1604   514   382    45    34  0.021 0.064 0.915 0.019 0.059 0.922
  1615  1533   468   366    48    33  0.022 0.063 0.915 0.020 0.062 0.918
  1620  1492   426   393    56    32  0.022 0.063 0.914 0.019 0.064 0.918
  1625  1480   413   371    39    32  0.022 0.063 0.915 0.018 0.064 0.917
  1630  1385   426   351    43    32  0.022 0.063 0.915 0.018 0.063 0.919
  1635  1266   388   330    37    32  0.022 0.064 0.914 0.018 0.062 0.920
  1640  1069   366   273    23    32  0.022 0.063 0.914 0.019 0.062 0.919
  1645   982   277   250    22    32  0.022 0.064 0.914 0.019 0.062 0.918
  1650   837   287   215    23    31  0.023 0.064 0.913 0.019 0.062 0.919
  1655   743   205   170    24    30  0.023 0.065 0.912 0.018 0.059 0.923
  1660   640   216   161     9    28  0.024 0.065 0.912 0.018 0.059 0.923
  1665   563   160   135    21    26  0.023 0.065 0.912 0.018 0.063 0.919
  1670   493   133   114    15    26  0.023 0.065 0.912 0.019 0.064 0.916
  1675   431   127   102     7    26  0.022 0.064 0.913 0.016 0.060 0.923
  1680   393   135    89     9    23  0.022 0.065 0.913 0.019 0.062 0.919
  1685   369   122   107     7    20  0.022 0.065 0.913 0.021 0.066 0.914
  1690   341    85    78     5    20  0.022 0.064 0.914 0.018 0.059 0.923
  1695   289   103    81     6    18  0.022 0.063 0.914 0.024 0.064 0.912
  1700   227    78    60     3    17  0.021 0.063 0.916 0.029 0.065 0.906
  1705   176    60    39     4    17  0.021 0.063 0.916 0.030 0.067 0.904
  1710   153    48    40     2    15  0.019 0.063 0.919 0.030 0.067 0.904
  1715   128    44    26     1    13  0.021 0.064 0.915 0.034 0.064 0.902
  1720   111    36    33     0    12  0.020 0.063 0.917 0.027 0.067 0.905
  1725   104    18    22     3    10  0.024 0.062 0.915 0.029 0.062 0.909
  1730    89    29    22     1     9  0.023 0.059 0.918 0.025 0.062 0.913
  1735   104    34    35     0     8  0.025 0.058 0.917 0.028 0.064 0.908
  1740    79    28    26     1     8  0.026 0.057 0.917 0.024 0.065 0.911
  1745    53    34    15     0     6  0.025 0.056 0.919 0.026 0.068 0.906
  1750    35    12    11     1     6  0.025 0.056 0.919 0.021 0.070 0.909
  1755    35    11    10     1     5  0.021 0.058 0.921 0.021 0.070 0.909
  1760    27    12     5     1     5  0.023 0.057 0.920 0.021 0.070 0.909
  1765    29    11     9     2     5  0.026 0.058 0.916 0.021 0.070 0.909
  1770    21     5     5     1     3  0.025 0.054 0.921 0.021 0.070 0.909
  1775    17     7     6     0     2  0.022 0.056 0.922   NaN   NaN   NaN
  1780    12     4     4     0     1  0.020 0.065 0.915   NaN   NaN   NaN
  1785    10     0     1     0     1  0.019 0.072 0.909   NaN   NaN   NaN
  1790    14     2     5     0     1  0.020 0.072 0.909   NaN   NaN   NaN
  1795    12     1     1     0     1  0.021 0.069 0.910   NaN   NaN   NaN
  1800    11     9     3     0     1  0.022 0.067 0.912   NaN   NaN   NaN
  1805     9     3     2     0     1  0.020 0.071 0.909   NaN   NaN   NaN
  1810    10     2     0     0     1  0.017 0.076 0.907   NaN   NaN   NaN
  1815    13     2     2     0     1  0.017 0.076 0.907   NaN   NaN   NaN
  1820    14     5     6     0     1  0.017 0.076 0.907   NaN   NaN   NaN
  1825    16     7     4     0     1  0.017 0.076 0.907   NaN   NaN   NaN
  1830     9     2     3     0     1  0.017 0.076 0.907   NaN   NaN   NaN
  1835    12     3     5     0     1  0.017 0.076 0.907   NaN   NaN   NaN
  1840     9     1     2     0     1  0.017 0.076 0.907   NaN   NaN   NaN
  1845    12     1     5     0     1  0.017 0.076 0.907   NaN   NaN   NaN
  1850     6     4     2     0     1  0.017 0.076 0.907   NaN   NaN   NaN
  1855     2     2     0     0     1  0.017 0.076 0.907   NaN   NaN   NaN
  1860     1     3     0     0     1  0.017 0.076 0.907   NaN   NaN   NaN
  1865     3     0     0     0     1  0.017 0.076 0.907   NaN   NaN   NaN
  1870     0     0     0     0     0    NaN   NaN   NaN   NaN   NaN   NaN
  1875     0     0     0     0     0    NaN   NaN   NaN   NaN   NaN   NaN
  1880     0     0     0     0     0    NaN   NaN   NaN   NaN   NaN   NaN
  1885     0     0     0     0     0    NaN   NaN   NaN   NaN   NaN   NaN
  1890     0     0     0     0     0    NaN   NaN   NaN   NaN   NaN   NaN
  1895     0     0     0     0     0    NaN   NaN   NaN   NaN   NaN   NaN
  1900     0     0     0     0     0    NaN   NaN   NaN   NaN   NaN   NaN
  1905     0     0     0     0     0    NaN   NaN   NaN   NaN   NaN   NaN
  1910     0     0     0     0     0    NaN   NaN   NaN   NaN   NaN   NaN
  1915     0     0     0     0     0    NaN   NaN   NaN   NaN   NaN   NaN
  1920     0     0     0     0     0    NaN   NaN   NaN   NaN   NaN   NaN
  1925     0     0     0     0     0    NaN   NaN   NaN   NaN   NaN   NaN
  1930     0     0     0     0     0    NaN   NaN   NaN   NaN   NaN   NaN
  1935     0     0     0     0     0    NaN   NaN   NaN   NaN   NaN   NaN
  1940     0     0     0     0     0    NaN   NaN   NaN   NaN   NaN   NaN
  1945     0     0     0     0     0    NaN   NaN   NaN   NaN   NaN   NaN
  1950     0     0     0     0     0    NaN   NaN   NaN   NaN   NaN   NaN
  1955     0     0     0     0     0    NaN   NaN   NaN   NaN   NaN   NaN
  1960     0     0     0     0     0    NaN   NaN   NaN   NaN   NaN   NaN
  1965     0     0     0     0     0    NaN   NaN   NaN   NaN   NaN   NaN
  1970     0     0     0     0     0    NaN   NaN   NaN   NaN   NaN   NaN
  1975     0     0     0     0     0    NaN   NaN   NaN   NaN   NaN   NaN
  1980     0     0     0     0     0    NaN   NaN   NaN   NaN   NaN   NaN
  1985     0     0     0     0     0    NaN   NaN   NaN   NaN   NaN   NaN
  1990     0     0     0     0     0    NaN   NaN   NaN   NaN   NaN   NaN
  1995     0     0     0     0     0    NaN   NaN   NaN   NaN   NaN   NaN
  2000     0     0     0     0     0    NaN   NaN   NaN   NaN   NaN   NaN
