 nmt =               50
 dmf =      T
 dff =      F
 vgr =       0.100000001    
 lde =       0.990000010    
 theta =     0.500000000    
 sigma =     0.500000000    
 ssr =                1
 dr =        0.300000012    
 mr =         9.99999978E-03
 spdispr =           30
 gs =               300
 ini =            60000
 ngen =            2000
 Myseed =         84563
 nmap =              50
 Gen nind ndea nveg nspo num_mat veg_1 spo_1 mat_1 veg_2 spo_2 mat_2
     0 60000     0     0     0    50  0.334 0.334 0.332   NaN   NaN   NaN
     5 52688 14448  3994 10032    50  0.313 0.346 0.342 0.237 0.248 0.515
    10 51844 14115  4038  9630    50  0.280 0.341 0.379 0.206 0.227 0.567
    15 50423 13740  4181  9172    50  0.253 0.333 0.414 0.179 0.209 0.613
    20 48943 13370  4170  8836    50  0.230 0.324 0.446 0.155 0.192 0.653
    25 47722 13222  4169  8538    50  0.212 0.319 0.469 0.136 0.176 0.688
    30 46853 12698  4217  8226    50  0.199 0.313 0.488 0.122 0.166 0.712
    35 46170 12414  4431  8092    50  0.190 0.311 0.499 0.112 0.155 0.733
    40 44977 12328  4390  7779    50  0.183 0.315 0.502 0.101 0.143 0.756
    45 44749 12260  4424  7795    50  0.178 0.320 0.502 0.095 0.138 0.767
    50 44932 12198  4417  7868    50  0.174 0.326 0.500 0.089 0.133 0.778
    55 45119 12160  4381  7976    50  0.172 0.338 0.490 0.084 0.132 0.784
    60 45697 12397  4408  8196    50  0.172 0.352 0.476 0.080 0.127 0.793
    65 46314 12579  4470  8310    50  0.171 0.364 0.465 0.076 0.127 0.796
    70 47049 12701  4314  8619    50  0.167 0.378 0.455 0.072 0.125 0.803
    75 47901 12955  4280  8905    50  0.165 0.390 0.444 0.067 0.129 0.804
    80 48903 13053  4228  9153    50  0.162 0.403 0.435 0.064 0.128 0.808
    85 49365 13469  4235  9205    50  0.160 0.416 0.424 0.058 0.123 0.818
    90 49698 13422  4176  9416    50  0.157 0.423 0.420 0.056 0.121 0.823
    95 49951 13374  4247  9299    50  0.154 0.431 0.415 0.053 0.122 0.825
   100 50790 13618  4185  9750    50  0.151 0.437 0.412 0.049 0.120 0.831
   105 51118 13638  4122  9830    50  0.148 0.443 0.409 0.048 0.122 0.830
   110 51393 13789  4026  9831    50  0.146 0.448 0.407 0.045 0.117 0.838
   115 51516 13954  4051  9881    50  0.144 0.455 0.401 0.044 0.117 0.839
   120 51411 13955  4165  9658    50  0.142 0.456 0.402 0.042 0.116 0.842
   125 51617 13844  4211  9842    50  0.139 0.457 0.404 0.040 0.116 0.844
   130 51399 13857  4092  9760    50  0.136 0.458 0.407 0.039 0.117 0.845
   135 51686 13857  4140  9821    50  0.135 0.461 0.404 0.040 0.122 0.839
   140 52689 14160  4040 10087    50  0.134 0.465 0.400 0.038 0.119 0.843
   145 52131 14028  4142  9994    50  0.132 0.463 0.405 0.036 0.115 0.850
   150 51959 14025  3982  9930    50  0.130 0.465 0.405 0.035 0.114 0.851
   155 51872 13970  3941  9828    50  0.128 0.464 0.408 0.035 0.115 0.849
   160 51994 13959  4040  9949    50  0.126 0.464 0.410 0.034 0.113 0.853
   165 51901 13992  4089  9830    50  0.125 0.466 0.409 0.033 0.113 0.854
   170 52041 14046  4125  9992    50  0.123 0.465 0.411 0.032 0.115 0.853
   175 52033 14138  4004  9954    50  0.122 0.467 0.411 0.032 0.116 0.852
   180 51942 14036  4075  9961    50  0.122 0.466 0.412 0.032 0.114 0.854
   185 52234 14048  4089 10130    50  0.121 0.472 0.407 0.032 0.116 0.852
   190 52367 14016  4092 10128    50  0.120 0.472 0.408 0.032 0.117 0.850
   195 52268 14075  3930  9910    50  0.117 0.471 0.412 0.032 0.116 0.852
   200 52092 14057  4061 10086    50  0.116 0.468 0.416 0.032 0.115 0.853
   205 52113 14221  4010 10024    50  0.116 0.469 0.414 0.031 0.114 0.856
   210 51954 14162  4063  9885    50  0.116 0.469 0.415 0.030 0.112 0.858
   215 51964 14018  4050 10036    50  0.114 0.471 0.415 0.030 0.115 0.855
   220 52135 14040  4006  9889    50  0.114 0.469 0.418 0.030 0.114 0.857
   225 52117 13972  4203  9983    50  0.113 0.466 0.421 0.030 0.115 0.855
   230 52047 14004  4110  9947    50  0.113 0.468 0.420 0.029 0.113 0.857
   235 52304 13990  4031 10109    50  0.112 0.468 0.419 0.030 0.113 0.857
   240 52065 13916  4095  9925    50  0.112 0.468 0.420 0.029 0.110 0.861
   245 52045 13919  4003 10063    50  0.112 0.470 0.418 0.030 0.113 0.857
   250 52220 14044  4143 10061    50  0.112 0.468 0.420 0.030 0.116 0.854
   255 51989 13989  3948  9925    50  0.112 0.469 0.419 0.030 0.114 0.856
   260 52009 14106  4037  9953    50  0.112 0.466 0.422 0.029 0.113 0.857
   265 52280 14076  4055  9973    50  0.112 0.467 0.421 0.030 0.114 0.856
   270 51953 14036  4192  9913    50  0.111 0.467 0.422 0.030 0.114 0.856
   275 52225 13990  4115  9998    50  0.112 0.468 0.420 0.030 0.116 0.854
   280 52428 13946  4101 10191    50  0.111 0.467 0.422 0.030 0.118 0.852
   285 52160 14059  3971  9957    50  0.111 0.468 0.422 0.030 0.116 0.854
   290 52271 13933  3974 10106    50  0.109 0.466 0.425 0.030 0.119 0.852
   295 52036 14313  4021  9991    50  0.108 0.465 0.427 0.029 0.115 0.856
   300 51975 14084  4057  9972    50  0.109 0.465 0.426 0.029 0.113 0.858
   305 52098 13974  4109 10052    50  0.109 0.465 0.425 0.029 0.115 0.856
   310 51965 13988  4132 10088    50  0.110 0.463 0.427 0.030 0.116 0.854
   315 51913 14031  4081  9916    50  0.110 0.463 0.428 0.029 0.114 0.857
   320 52290 14001  4119  9827    50  0.109 0.463 0.428 0.030 0.116 0.855
   325 52106 14050  3918  9955    49  0.109 0.464 0.427 0.030 0.117 0.853
   330 52475 13835  4079  9963    49  0.109 0.463 0.429 0.029 0.116 0.855
   335 51630 13996  4119  9862    49  0.108 0.462 0.430 0.029 0.115 0.856
   340 51838 13839  4116  9874    49  0.108 0.463 0.429 0.029 0.115 0.856
   345 51665 13916  4227  9818    49  0.108 0.458 0.434 0.029 0.115 0.855
   350 51637 13865  4096  9846    49  0.108 0.456 0.436 0.030 0.114 0.857
   355 51411 13868  4069  9894    49  0.108 0.457 0.435 0.029 0.114 0.858
   360 51764 13883  4117  9929    49  0.107 0.458 0.434 0.029 0.114 0.857
   365 51636 14121  4021  9753    49  0.107 0.457 0.436 0.028 0.111 0.860
   370 51367 13981  4083  9749    49  0.106 0.458 0.435 0.027 0.108 0.865
   375 51411 14055  4103  9815    49  0.106 0.457 0.437 0.028 0.109 0.863
   380 51383 13920  4156  9675    49  0.106 0.456 0.438 0.029 0.112 0.859
   385 51206 13779  4179  9548    48  0.106 0.456 0.438 0.029 0.111 0.861
   390 51648 13799  4165  9891    48  0.107 0.454 0.438 0.029 0.114 0.857
   395 51209 13813  4192  9857    48  0.107 0.453 0.439 0.029 0.112 0.859
   400 51147 13769  4177  9674    48  0.108 0.458 0.434 0.029 0.113 0.858
   405 51467 13983  4097  9824    48  0.109 0.457 0.434 0.030 0.118 0.852
   410 51264 13889  4040  9802    48  0.109 0.458 0.433 0.030 0.116 0.854
   415 51499 13769  4086  9890    48  0.109 0.458 0.433 0.030 0.114 0.857
   420 51730 13852  4115  9864    48  0.110 0.458 0.433 0.030 0.112 0.858
   425 51600 13712  4061  9661    48  0.110 0.457 0.433 0.029 0.111 0.860
   430 51549 13972  4035  9878    48  0.109 0.455 0.435 0.029 0.111 0.860
   435 51470 13968  4112  9832    48  0.110 0.458 0.433 0.029 0.111 0.860
   440 51647 13992  4123  9925    48  0.108 0.455 0.437 0.028 0.111 0.861
   445 51219 13846  4175  9755    48  0.108 0.455 0.437 0.029 0.112 0.860
   450 51270 13796  4131  9666    48  0.108 0.455 0.437 0.029 0.112 0.859
   455 51711 13713  4115  9709    48  0.109 0.457 0.434 0.028 0.111 0.860
   460 51467 13960  4072  9769    48  0.109 0.458 0.434 0.029 0.113 0.858
   465 51372 13783  4063  9766    48  0.108 0.456 0.436 0.029 0.112 0.859
   470 51480 14035  4040  9774    48  0.109 0.458 0.433 0.029 0.114 0.856
   475 51372 13795  4028  9805    48  0.110 0.457 0.433 0.029 0.114 0.857
   480 51774 14007  4170  9745    48  0.110 0.456 0.435 0.029 0.113 0.858
   485 51869 13915  4064  9896    48  0.109 0.456 0.435 0.029 0.111 0.860
   490 51732 13879  4167  9750    48  0.109 0.454 0.437 0.029 0.112 0.859
   495 51157 13761  4062  9725    48  0.109 0.454 0.438 0.028 0.109 0.863
   500 51084 13899  4083  9710    48  0.109 0.454 0.437 0.029 0.111 0.860
   505 51353 13738  4216  9733    48  0.108 0.453 0.439 0.029 0.112 0.859
   510 51744 13760  4106  9776    48  0.108 0.455 0.437 0.029 0.112 0.860
   515 51305 13910  4079  9772    48  0.109 0.457 0.435 0.029 0.112 0.859
   520 51557 13863  4043  9928    48  0.108 0.459 0.433 0.028 0.111 0.861
   525 51122 13904  4182  9722    48  0.109 0.457 0.434 0.028 0.112 0.860
   530 51447 13988  4118  9834    47  0.108 0.456 0.436 0.029 0.113 0.858
   535 51530 13901  4021  9775    47  0.108 0.457 0.435 0.029 0.113 0.858
   540 51511 14127  4037  9804    47  0.108 0.458 0.434 0.029 0.112 0.859
   545 51460 13728  4068  9656    47  0.107 0.454 0.438 0.028 0.110 0.862
   550 51161 13916  4233  9617    46  0.107 0.453 0.439 0.028 0.110 0.861
   555 51070 13689  4163  9676    46  0.109 0.456 0.435 0.028 0.110 0.861
   560 51090 13790  4083  9736    46  0.107 0.454 0.438 0.028 0.107 0.866
   565 51223 13664  4114  9801    46  0.107 0.455 0.438 0.028 0.111 0.860
   570 51411 13873  4126  9800    46  0.107 0.455 0.438 0.028 0.109 0.863
   575 51390 13818  4123  9616    46  0.107 0.457 0.436 0.029 0.114 0.856
   580 51698 13985  4197  9848    46  0.107 0.453 0.440 0.029 0.113 0.857
   585 51299 13949  4054  9742    46  0.107 0.454 0.438 0.029 0.114 0.858
   590 51537 13928  4158  9812    46  0.108 0.460 0.432 0.029 0.114 0.857
   595 51755 13935  4065  9832    46  0.107 0.460 0.433 0.029 0.112 0.859
   600 51820 13850  4090  9888    46  0.107 0.459 0.434 0.029 0.115 0.856
   605 51671 14024  4142  9794    46  0.106 0.459 0.435 0.028 0.112 0.860
   610 51299 13885  4033  9783    46  0.106 0.458 0.436 0.028 0.111 0.861
   615 51651 13856  4082  9844    46  0.107 0.458 0.435 0.028 0.110 0.862
   620 51342 13842  4105  9685    46  0.107 0.457 0.436 0.028 0.108 0.864
   625 51008 13783  4073  9623    46  0.106 0.454 0.440 0.029 0.112 0.859
   630 51396 13910  4030  9873    46  0.107 0.455 0.439 0.028 0.112 0.860
   635 51526 13875  4015  9728    46  0.106 0.455 0.438 0.028 0.112 0.859
   640 51415 13914  4163  9707    46  0.106 0.455 0.439 0.028 0.109 0.864
   645 51432 13790  4118  9720    46  0.105 0.454 0.442 0.027 0.109 0.863
   650 51331 13812  4031  9809    46  0.105 0.455 0.440 0.028 0.109 0.863
   655 51419 13960  4102  9752    46  0.105 0.456 0.440 0.027 0.108 0.865
   660 51016 13913  4097  9693    46  0.104 0.454 0.442 0.028 0.110 0.863
   665 51203 13721  4146  9762    46  0.105 0.459 0.436 0.028 0.112 0.860
   670 51468 14092  4094  9934    46  0.105 0.460 0.435 0.028 0.112 0.860
   675 51327 13883  4057  9656    46  0.105 0.461 0.435 0.028 0.108 0.864
   680 51633 13917  4122  9873    46  0.105 0.459 0.436 0.028 0.112 0.859
   685 51414 13901  4110  9743    46  0.104 0.459 0.436 0.028 0.112 0.861
   690 51515 13914  4021  9850    46  0.104 0.457 0.439 0.028 0.111 0.861
   695 51048 13887  4050  9756    46  0.104 0.458 0.438 0.027 0.109 0.864
   700 51223 13706  4089  9690    46  0.104 0.458 0.439 0.028 0.112 0.860
   705 51435 13831  4076  9895    46  0.104 0.458 0.438 0.028 0.114 0.858
   710 51986 13886  4066  9887    46  0.103 0.462 0.435 0.028 0.113 0.859
   715 51565 13976  4148  9670    46  0.103 0.460 0.437 0.028 0.109 0.863
   720 51738 13987  3980  9923    46  0.103 0.458 0.439 0.028 0.110 0.863
   725 51454 14044  4103  9765    46  0.103 0.460 0.437 0.028 0.111 0.862
   730 51833 13889  4153  9770    46  0.102 0.460 0.437 0.028 0.112 0.861
   735 51688 13879  3999  9879    46  0.103 0.461 0.437 0.028 0.112 0.861
   740 51496 13869  4149  9829    46  0.102 0.459 0.439 0.028 0.113 0.859
   745 51864 13840  4060  9989    46  0.102 0.458 0.439 0.027 0.109 0.865
   750 51411 13858  4187  9741    46  0.102 0.456 0.442 0.028 0.113 0.860
   755 51836 13924  4084  9977    46  0.103 0.460 0.437 0.028 0.111 0.861
   760 51730 13788  4045  9828    46  0.102 0.460 0.438 0.027 0.108 0.865
   765 51732 14039  4073  9876    46  0.102 0.461 0.436 0.028 0.114 0.858
   770 51605 13815  4089  9792    46  0.102 0.464 0.434 0.027 0.111 0.861
   775 51560 14028  4073  9708    46  0.102 0.463 0.436 0.027 0.110 0.863
   780 51623 13906  4159  9753    46  0.101 0.461 0.438 0.027 0.109 0.864
   785 51167 13901  4100  9691    46  0.100 0.461 0.438 0.027 0.110 0.863
   790 51450 13897  4008  9938    46  0.101 0.464 0.436 0.027 0.112 0.860
   795 51423 13748  4073  9783    46  0.101 0.465 0.434 0.027 0.113 0.860
   800 51796 13978  4065  9874    46  0.102 0.465 0.433 0.028 0.113 0.859
   805 51839 14114  4025  9807    46  0.101 0.463 0.435 0.026 0.109 0.865
   810 51644 13916  4059  9927    46  0.101 0.461 0.438 0.028 0.112 0.860
   815 51404 13978  4124  9903    46  0.101 0.459 0.440 0.027 0.109 0.864
   820 51697 13695  4129  9854    46  0.101 0.459 0.439 0.027 0.110 0.863
   825 51914 13862  4140 10005    46  0.101 0.461 0.438 0.027 0.109 0.864
   830 51615 14116  4075  9793    46  0.102 0.462 0.436 0.026 0.108 0.866
   835 51494 13928  4085  9730    46  0.102 0.464 0.435 0.026 0.106 0.868
   840 51402 13891  3997  9788    46  0.102 0.461 0.437 0.026 0.108 0.866
   845 51275 13826  4055  9618    46  0.101 0.461 0.438 0.027 0.108 0.865
   850 51702 13878  4093  9868    46  0.101 0.464 0.435 0.027 0.111 0.862
   855 51305 13878  4040  9788    46  0.101 0.464 0.435 0.027 0.110 0.864
   860 51522 13871  3958  9724    46  0.100 0.461 0.438 0.026 0.108 0.866
   865 51520 14023  4147  9717    46  0.100 0.460 0.441 0.026 0.107 0.867
   870 51682 13786  4039  9818    46  0.100 0.461 0.439 0.026 0.107 0.867
   875 51546 14014  4111  9749    46  0.099 0.459 0.442 0.026 0.107 0.867
   880 51275 13908  4057  9701    45  0.100 0.464 0.437 0.025 0.106 0.868
   885 51139 14056  4206  9861    45  0.098 0.462 0.440 0.025 0.105 0.869
   890 51243 13888  4091  9749    45  0.098 0.460 0.441 0.026 0.108 0.867
   895 51279 13861  4129  9834    45  0.098 0.461 0.441 0.026 0.108 0.866
   900 51123 13769  4030  9566    45  0.099 0.463 0.438 0.026 0.109 0.865
   905 51462 13915  4143  9844    45  0.099 0.465 0.436 0.026 0.109 0.866
   910 51778 13933  4052 10004    44  0.099 0.465 0.435 0.026 0.111 0.863
   915 51955 14194  4103  9792    44  0.099 0.466 0.435 0.026 0.111 0.863
   920 52062 13937  4059 10013    44  0.099 0.466 0.435 0.026 0.108 0.866
   925 51859 14242  4065  9814    44  0.099 0.463 0.438 0.026 0.109 0.865
   930 51252 13951  4146  9833    43  0.099 0.463 0.438 0.026 0.111 0.863
   935 51727 13823  4147  9938    42  0.099 0.465 0.435 0.026 0.110 0.864
   940 51728 13895  4055  9743    42  0.100 0.468 0.432 0.026 0.111 0.863
   945 52139 13815  4095 10030    42  0.100 0.469 0.431 0.027 0.112 0.862
   950 51778 13991  4008  9835    42  0.099 0.464 0.437 0.026 0.109 0.865
   955 51844 13860  4052  9909    42  0.099 0.463 0.438 0.025 0.107 0.868
   960 51628 14019  4074  9782    42  0.098 0.462 0.440 0.025 0.106 0.869
   965 51593 14083  4090  9896    42  0.100 0.465 0.436 0.025 0.106 0.869
   970 51909 13942  4152  9910    42  0.100 0.463 0.437 0.026 0.110 0.864
   975 51746 14091  4086  9848    42  0.101 0.465 0.434 0.026 0.109 0.865
   980 52023 14079  4034  9992    41  0.101 0.463 0.436 0.026 0.107 0.868
   985 51680 13852  4065  9805    41  0.101 0.462 0.436 0.026 0.108 0.866
   990 51680 13869  4150  9810    41  0.101 0.465 0.433 0.026 0.108 0.865
   995 51649 13955  4001  9885    41  0.101 0.463 0.436 0.026 0.106 0.869
  1000 51621 13854  3994  9854    41  0.101 0.460 0.439 0.026 0.108 0.866
  1005 51319 13941  4129  9965    41  0.102 0.462 0.436 0.027 0.110 0.863
  1010 51315 13765  4193  9698    41  0.102 0.460 0.438 0.026 0.106 0.868
  1015 51321 13827  4123  9835    41  0.103 0.461 0.436 0.026 0.109 0.864
  1020 51774 13819  4189  9961    41  0.103 0.462 0.434 0.027 0.110 0.864
  1025 52101 13763  4061 10006    40  0.104 0.466 0.430 0.027 0.111 0.862
  1030 51587 13910  4092  9901    40  0.103 0.465 0.431 0.026 0.108 0.866
  1035 51578 13868  4125  9841    40  0.104 0.467 0.429 0.026 0.107 0.867
  1040 51602 14038  4008  9771    40  0.103 0.464 0.432 0.027 0.110 0.863
  1045 52014 14115  4045 10078    40  0.104 0.466 0.430 0.027 0.111 0.862
  1050 51878 14000  4041  9765    40  0.103 0.464 0.433 0.027 0.108 0.866
  1055 51223 14033  4030  9749    40  0.104 0.464 0.432 0.027 0.110 0.863
  1060 51610 13907  4074  9746    40  0.103 0.463 0.434 0.026 0.107 0.867
  1065 51389 13915  4057  9782    40  0.103 0.463 0.434 0.026 0.107 0.867
  1070 51143 13908  3826  9779    40  0.103 0.459 0.438 0.027 0.110 0.863
  1075 51326 14185  4042  9667    39  0.103 0.458 0.439 0.027 0.109 0.865
  1080 51185 13968  3935  9824    39  0.103 0.458 0.440 0.027 0.110 0.862
  1085 51370 13937  4212  9987    39  0.103 0.460 0.437 0.027 0.109 0.864
  1090 51718 13803  4106  9914    39  0.103 0.458 0.439 0.027 0.109 0.864
  1095 51587 13973  4038  9875    39  0.104 0.460 0.436 0.027 0.111 0.862
  1100 51857 14022  4090  9799    39  0.104 0.463 0.433 0.027 0.108 0.865
  1105 51530 13893  4088  9807    39  0.104 0.463 0.433 0.027 0.108 0.865
  1110 51303 13977  4061  9766    38  0.104 0.462 0.433 0.028 0.110 0.862
  1115 51357 13860  4110  9732    38  0.104 0.462 0.434 0.027 0.108 0.866
  1120 51500 13917  4136  9719    38  0.105 0.461 0.434 0.028 0.110 0.862
  1125 51403 13934  3976  9930    38  0.104 0.461 0.435 0.027 0.111 0.862
  1130 51463 13959  4035  9804    38  0.104 0.459 0.437 0.027 0.111 0.862
  1135 51778 13912  4087  9823    38  0.105 0.461 0.434 0.027 0.108 0.865
  1140 51807 13877  4081  9880    38  0.105 0.460 0.436 0.027 0.107 0.866
  1145 51459 13937  4109  9764    38  0.104 0.459 0.437 0.026 0.105 0.869
  1150 51495 13900  4127  9786    38  0.104 0.457 0.440 0.027 0.106 0.868
  1155 51522 13914  4197  9861    38  0.103 0.456 0.441 0.027 0.108 0.865
  1160 51587 13742  4113  9773    38  0.104 0.457 0.440 0.027 0.107 0.866
  1165 51284 13969  4080  9737    38  0.104 0.456 0.440 0.027 0.107 0.866
  1170 51232 13770  4195  9750    38  0.103 0.455 0.442 0.027 0.108 0.866
  1175 50921 13944  4147  9750    38  0.103 0.454 0.443 0.027 0.108 0.865
  1180 50770 13899  4141  9506    38  0.104 0.455 0.441 0.026 0.107 0.867
  1185 51115 13709  3996  9773    38  0.104 0.458 0.438 0.027 0.108 0.865
  1190 51566 13912  4101  9818    38  0.104 0.462 0.434 0.028 0.112 0.860
  1195 51702 13875  4117  9910    38  0.104 0.463 0.433 0.027 0.110 0.863
  1200 51510 14113  4147  9692    38  0.103 0.462 0.436 0.027 0.107 0.866
  1205 51226 13840  4036  9637    38  0.102 0.462 0.436 0.027 0.111 0.862
  1210 51573 13774  4178  9832    38  0.102 0.462 0.436 0.026 0.109 0.865
  1215 51510 13843  4183  9644    38  0.102 0.460 0.438 0.026 0.106 0.869
  1220 51192 13972  4053  9777    37  0.103 0.461 0.436 0.027 0.107 0.866
  1225 51353 13838  4134  9831    37  0.102 0.457 0.441 0.027 0.110 0.864
  1230 51260 13926  3993  9758    37  0.102 0.457 0.440 0.026 0.107 0.867
  1235 51145 13878  4259  9815    37  0.102 0.459 0.438 0.027 0.110 0.863
  1240 51119 13760  4037  9616    37  0.102 0.460 0.438 0.027 0.111 0.862
  1245 50994 13922  4046  9614    37  0.102 0.458 0.440 0.027 0.110 0.864
  1250 51601 13918  4253  9828    37  0.102 0.459 0.439 0.027 0.109 0.864
  1255 51747 13974  4174  9987    37  0.102 0.463 0.435 0.026 0.107 0.867
  1260 51477 13826  3993  9875    37  0.102 0.464 0.434 0.027 0.110 0.864
  1265 51450 13881  4090  9702    37  0.102 0.460 0.438 0.026 0.109 0.865
  1270 51813 13766  4166  9917    37  0.101 0.460 0.438 0.026 0.108 0.866
  1275 51431 13839  4174  9671    37  0.101 0.459 0.440 0.026 0.107 0.867
  1280 51274 13940  4055  9699    37  0.102 0.461 0.437 0.025 0.104 0.871
  1285 51304 13843  4057  9725    37  0.102 0.458 0.440 0.026 0.108 0.866
  1290 51430 13854  4172  9713    37  0.102 0.457 0.441 0.026 0.109 0.865
  1295 51232 13949  4049  9721    37  0.102 0.455 0.444 0.026 0.109 0.864
  1300 51213 13973  4073  9713    37  0.102 0.459 0.439 0.026 0.108 0.865
  1305 51244 14032  4021  9730    37  0.102 0.457 0.442 0.026 0.109 0.864
  1310 51388 13861  4189  9721    37  0.102 0.458 0.440 0.027 0.110 0.863
  1315 51423 13993  4108  9964    36  0.103 0.461 0.436 0.027 0.112 0.861
  1320 51485 13904  4165  9698    36  0.103 0.461 0.435 0.026 0.108 0.866
  1325 51326 13889  4092  9626    36  0.103 0.458 0.439 0.026 0.108 0.866
  1330 51244 13964  4077  9710    36  0.103 0.456 0.441 0.026 0.107 0.867
  1335 51514 13722  3996  9716    36  0.103 0.454 0.443 0.026 0.105 0.869
  1340 51142 13742  4206  9513    36  0.103 0.453 0.444 0.026 0.104 0.870
  1345 51184 13786  4119  9622    36  0.104 0.455 0.441 0.026 0.103 0.871
  1350 51362 13922  4086  9898    36  0.104 0.456 0.440 0.027 0.107 0.866
  1355 51119 13971  4101  9802    36  0.104 0.457 0.439 0.026 0.107 0.867
  1360 51390 13797  4100  9720    36  0.105 0.457 0.439 0.027 0.106 0.867
  1365 51331 13720  4185  9771    36  0.104 0.458 0.438 0.026 0.106 0.868
  1370 51328 13806  4074  9799    36  0.104 0.458 0.438 0.027 0.108 0.865
  1375 51404 14087  4099  9682    36  0.105 0.460 0.435 0.027 0.108 0.865
  1380 51335 14007  4139  9805    36  0.105 0.461 0.434 0.027 0.109 0.864
  1385 51411 13872  4080  9817    36  0.106 0.462 0.433 0.027 0.111 0.862
  1390 52243 13805  4127  9909    36  0.106 0.464 0.429 0.027 0.109 0.864
  1395 51786 13981  4153  9793    36  0.105 0.460 0.435 0.027 0.109 0.864
  1400 51700 14025  4286  9833    36  0.105 0.460 0.435 0.026 0.107 0.867
  1405 51396 14082  4087  9826    36  0.105 0.461 0.434 0.027 0.110 0.864
  1410 51715 13716  4060  9935    36  0.106 0.463 0.431 0.027 0.111 0.862
  1415 51695 13772  4097  9837    36  0.106 0.463 0.431 0.027 0.112 0.861
  1420 51970 13865  3996  9966    36  0.106 0.465 0.429 0.027 0.110 0.863
  1425 51925 13874  4070  9968    36  0.106 0.463 0.431 0.027 0.110 0.863
  1430 51782 13843  4093  9770    36  0.105 0.461 0.433 0.027 0.110 0.864
  1435 51566 13817  4122  9838    36  0.105 0.461 0.434 0.027 0.109 0.864
  1440 52034 13917  4258 10024    36  0.106 0.463 0.431 0.028 0.114 0.858
  1445 51850 13960  4116  9851    36  0.105 0.460 0.434 0.027 0.111 0.862
  1450 51345 13828  4059  9725    36  0.104 0.457 0.439 0.027 0.112 0.861
  1455 51475 13731  4181  9780    36  0.105 0.459 0.435 0.027 0.111 0.862
  1460 51489 13956  4210  9745    36  0.106 0.459 0.435 0.028 0.111 0.861
  1465 51488 13885  4127  9865    36  0.105 0.458 0.437 0.028 0.111 0.861
  1470 51666 13923  4050  9897    35  0.105 0.459 0.435 0.027 0.109 0.864
  1475 51300 13757  4076  9741    35  0.105 0.455 0.440 0.027 0.107 0.866
  1480 51108 13758  4077  9766    34  0.105 0.455 0.441 0.027 0.108 0.865
  1485 51596 13858  4157  9816    34  0.105 0.456 0.439 0.027 0.110 0.862
  1490 51429 14018  3991  9761    34  0.107 0.461 0.432 0.028 0.112 0.860
  1495 51419 14107  4129  9896    34  0.108 0.461 0.431 0.028 0.114 0.858
  1500 51468 13960  4111  9667    34  0.107 0.459 0.433 0.028 0.113 0.859
  1505 51312 13895  4176  9728    34  0.107 0.460 0.433 0.027 0.108 0.865
  1510 51611 13969  4017  9876    34  0.106 0.455 0.439 0.028 0.109 0.864
  1515 51234 13797  4236  9686    34  0.107 0.456 0.438 0.028 0.109 0.864
  1520 51295 13866  4078  9921    34  0.107 0.454 0.439 0.028 0.110 0.862
  1525 50912 13632  4118  9566    34  0.107 0.452 0.441 0.027 0.108 0.865
  1530 50939 13860  4097  9564    33  0.107 0.453 0.440 0.028 0.110 0.862
  1535 51405 13739  4087  9744    33  0.107 0.454 0.439 0.028 0.109 0.863
  1540 51081 13875  4159  9668    33  0.108 0.457 0.435 0.028 0.110 0.861
  1545 51187 13849  3990  9716    33  0.108 0.455 0.437 0.028 0.108 0.864
  1550 50917 13834  4034  9671    33  0.107 0.452 0.440 0.029 0.110 0.862
  1555 51232 13796  4109  9662    33  0.108 0.453 0.439 0.028 0.108 0.865
  1560 51081 13926  4130  9705    33  0.108 0.453 0.439 0.028 0.107 0.865
  1565 51044 13889  4192  9738    33  0.108 0.451 0.442 0.028 0.109 0.862
  1570 50957 13833  4002  9674    33  0.108 0.451 0.441 0.028 0.108 0.864
  1575 51081 13810  4122  9646    33  0.108 0.453 0.439 0.029 0.110 0.861
  1580 50919 13727  4172  9630    33  0.108 0.452 0.439 0.028 0.110 0.862
  1585 51340 13895  4185  9790    33  0.109 0.454 0.437 0.028 0.111 0.861
  1590 51183 13837  4048  9632    33  0.109 0.455 0.436 0.029 0.112 0.860
  1595 51308 13704  4156  9796    33  0.109 0.456 0.435 0.029 0.112 0.859
  1600 51405 13780  4198  9680    33  0.108 0.455 0.437 0.028 0.110 0.862
  1605 51028 13922  4155  9582    33  0.109 0.457 0.434 0.029 0.112 0.859
  1610 51810 14059  4184 10023    33  0.109 0.458 0.432 0.029 0.114 0.857
  1615 51721 14065  4093  9903    32  0.109 0.458 0.433 0.028 0.110 0.862
  1620 51438 13817  4015  9647    32  0.109 0.457 0.434 0.028 0.108 0.864
  1625 51284 13657  4093  9616    32  0.108 0.455 0.437 0.028 0.110 0.862
  1630 51080 13955  3948  9795    32  0.108 0.454 0.438 0.028 0.111 0.861
  1635 51274 13767  4199  9625    32  0.108 0.455 0.436 0.028 0.109 0.863
  1640 51543 13973  4056  9700    32  0.108 0.455 0.437 0.028 0.108 0.865
  1645 51254 13889  4064  9548    32  0.107 0.452 0.441 0.027 0.106 0.867
  1650 50895 13788  3992  9579    32  0.107 0.456 0.437 0.027 0.106 0.867
  1655 51120 13681  4210  9665    32  0.107 0.451 0.442 0.028 0.109 0.863
  1660 51339 13917  4112  9833    32  0.107 0.454 0.438 0.028 0.112 0.860
  1665 51497 13920  4210  9681    32  0.108 0.455 0.437 0.027 0.106 0.867
  1670 51205 13895  4158  9711    32  0.108 0.454 0.438 0.028 0.107 0.866
  1675 51027 13816  4113  9668    32  0.108 0.450 0.442 0.028 0.108 0.864
  1680 51326 13970  4027  9744    32  0.109 0.452 0.439 0.028 0.108 0.864
  1685 51173 13746  4088  9723    32  0.109 0.454 0.438 0.028 0.110 0.862
  1690 51359 13585  4096  9708    32  0.109 0.453 0.438 0.028 0.106 0.866
  1695 51384 13856  4152  9776    32  0.109 0.451 0.440 0.028 0.108 0.864
  1700 51356 13646  4074  9641    32  0.109 0.452 0.439 0.028 0.109 0.864
  1705 50961 13758  4132  9494    32  0.109 0.450 0.441 0.028 0.108 0.863
  1710 51058 13993  4176  9646    32  0.109 0.453 0.438 0.028 0.108 0.864
  1715 51001 13631  4069  9566    32  0.109 0.452 0.439 0.028 0.106 0.867
  1720 51161 13779  4086  9612    32  0.110 0.454 0.436 0.028 0.106 0.866
  1725 51312 13746  4134  9661    32  0.110 0.454 0.436 0.028 0.107 0.865
  1730 51001 13838  4113  9643    32  0.110 0.452 0.438 0.028 0.108 0.864
  1735 51027 13702  4127  9712    32  0.109 0.455 0.436 0.029 0.111 0.861
  1740 51313 13768  4050  9846    32  0.110 0.454 0.436 0.029 0.111 0.860
  1745 51183 13827  4174  9717    32  0.110 0.452 0.438 0.029 0.111 0.860
  1750 51094 13921  4054  9700    32  0.111 0.453 0.437 0.028 0.108 0.863
  1755 50763 13835  4050  9536    32  0.110 0.453 0.437 0.028 0.108 0.863
  1760 51005 13610  4134  9780    32  0.110 0.454 0.436 0.028 0.109 0.863
  1765 51093 13807  4068  9624    32  0.110 0.450 0.440 0.028 0.106 0.867
  1770 50595 13762  4141  9380    32  0.110 0.448 0.442 0.028 0.105 0.868
  1775 51160 13709  4157  9639    31  0.110 0.448 0.443 0.028 0.106 0.866
  1780 50956 13856  4206  9533    31  0.111 0.452 0.437 0.029 0.111 0.860
  1785 51040 13781  4130  9651    31  0.112 0.453 0.435 0.029 0.111 0.859
  1790 51287 13700  4174  9679    31  0.111 0.452 0.436 0.029 0.108 0.863
  1795 51172 13945  4091  9745    31  0.112 0.456 0.432 0.029 0.109 0.863
  1800 51263 13721  4049  9673    31  0.112 0.453 0.435 0.029 0.107 0.864
  1805 50964 13839  4098  9629    31  0.110 0.451 0.439 0.029 0.108 0.864
  1810 51113 13684  4136  9639    31  0.111 0.452 0.437 0.029 0.108 0.864
  1815 51423 13715  4062  9852    31  0.111 0.451 0.438 0.029 0.110 0.862
  1820 51441 13908  4304  9775    31  0.112 0.455 0.432 0.029 0.111 0.860
  1825 51372 13715  4153  9789    31  0.112 0.453 0.435 0.029 0.112 0.859
  1830 51486 13676  4046  9735    31  0.112 0.454 0.434 0.029 0.113 0.858
  1835 51344 13761  4225  9591    31  0.111 0.454 0.435 0.028 0.110 0.862
  1840 50979 13875  4107  9606    31  0.111 0.454 0.435 0.028 0.109 0.863
  1845 50892 13801  4154  9651    31  0.110 0.452 0.438 0.028 0.108 0.864
  1850 50862 13836  4096  9585    31  0.110 0.451 0.439 0.028 0.108 0.864
  1855 51003 13878  4149  9748    31  0.110 0.452 0.437 0.029 0.109 0.862
  1860 51170 13691  4140  9638    31  0.110 0.450 0.440 0.029 0.111 0.861
  1865 51307 13837  4105  9697    31  0.110 0.453 0.437 0.029 0.112 0.859
  1870 51449 13741  4055  9828    31  0.109 0.452 0.439 0.029 0.112 0.859
  1875 51165 13788  3986  9686    31  0.109 0.452 0.439 0.029 0.112 0.859
  1880 51380 13781  4077  9733    31  0.109 0.452 0.438 0.029 0.112 0.859
  1885 51224 13782  4040  9581    31  0.109 0.453 0.438 0.028 0.110 0.862
  1890 51363 13846  4165  9703    31  0.109 0.453 0.437 0.028 0.110 0.861
  1895 50959 13770  4037  9680    31  0.109 0.453 0.438 0.028 0.109 0.863
  1900 51008 14026  4156  9571    31  0.109 0.453 0.439 0.027 0.104 0.869
  1905 50649 13678  4134  9662    31  0.110 0.453 0.438 0.028 0.108 0.864
  1910 50881 13673  4107  9569    31  0.109 0.450 0.440 0.029 0.108 0.863
  1915 50790 13671  4160  9613    31  0.109 0.449 0.441 0.028 0.108 0.864
  1920 51024 13847  4098  9635    31  0.109 0.451 0.440 0.028 0.109 0.863
  1925 50875 13758  4111  9512    31  0.109 0.450 0.441 0.028 0.108 0.865
  1930 51011 13629  4270  9655    31  0.109 0.454 0.436 0.028 0.111 0.860
  1935 51182 14043  4021  9704    30  0.109 0.454 0.437 0.027 0.106 0.867
  1940 51357 13824  4058  9646    30  0.109 0.454 0.437 0.028 0.106 0.867
  1945 51021 13872  4148  9676    30  0.109 0.453 0.439 0.028 0.105 0.867
  1950 50831 13756  4035  9556    30  0.109 0.450 0.442 0.028 0.106 0.866
  1955 50985 13723  4175  9651    30  0.109 0.453 0.437 0.027 0.104 0.869
  1960 51323 14006  4089  9706    30  0.110 0.457 0.433 0.028 0.107 0.865
  1965 51479 13982  4156  9875    30  0.110 0.456 0.433 0.028 0.109 0.863
  1970 51200 13819  4045  9808    30  0.110 0.457 0.434 0.028 0.108 0.863
  1975 51584 13688  4132  9938    30  0.110 0.458 0.432 0.028 0.108 0.863
  1980 51275 13870  4084  9686    30  0.110 0.454 0.436 0.028 0.106 0.866
  1985 51167 13899  4077  9729    30  0.109 0.450 0.441 0.028 0.104 0.868
  1990 50796 13709  4075  9683    30  0.110 0.453 0.437 0.028 0.106 0.866
  1995 50485 13694  4098  9564    30  0.110 0.453 0.437 0.028 0.105 0.867
  2000 50897 13661  4204  9654    30  0.110 0.451 0.439 0.028 0.105 0.867
