 nmt =               50
 dmf =      T
 dff =      F
 vgr =       0.100000001    
 lde =       0.899999976    
 theta =     0.500000000    
 sigma =     0.500000000    
 ssr =                1
 dr =        0.300000012    
 mr =         9.99999978E-03
 spdispr =           30
 gs =               300
 ini =            60000
 ngen =            1000
 Myseed =         84563
 nmap =            1000
 beta =      0.500000000    
 Gen nind ndea nveg nspo num_mat veg_1 spo_1 mat_1 veg_2 spo_2 mat_2
     0 60000     0     0     0    50  0.333 0.333 0.334   NaN   NaN   NaN
     5 71841 18878  2776 16865    50  0.299 0.324 0.378 0.213 0.224 0.563
    10 71565 18932  2640 16048    50  0.254 0.292 0.454 0.161 0.174 0.665
    15 69859 18518  2824 15407    50  0.211 0.256 0.534 0.120 0.136 0.744
    20 67689 18113  2913 14579    50  0.175 0.221 0.605 0.090 0.108 0.802
    25 65388 17398  3126 13939    50  0.146 0.192 0.662 0.069 0.088 0.842
    30 63720 16888  3395 13226    50  0.123 0.167 0.710 0.055 0.074 0.871
    35 62023 16655  3398 12874    50  0.105 0.148 0.747 0.045 0.063 0.892
    40 60200 16141  3620 12384    50  0.092 0.132 0.776 0.039 0.055 0.906
    45 58159 15786  3697 11663    50  0.082 0.122 0.796 0.034 0.048 0.918
    50 56524 15309  3686 11140    50  0.074 0.113 0.812 0.029 0.042 0.928
    55 55434 14808  3880 10815    50  0.070 0.106 0.824 0.027 0.038 0.935
    60 53893 14501  3925 10433    50  0.066 0.102 0.832 0.024 0.035 0.941
    65 52731 14324  3872 10121    50  0.064 0.101 0.835 0.023 0.032 0.945
    70 51870 14025  4104  9958    50  0.063 0.102 0.835 0.021 0.030 0.948
    75 51406 13939  4037  9615    50  0.063 0.102 0.834 0.020 0.030 0.950
    80 51221 13581  4026  9647    50  0.064 0.105 0.830 0.019 0.029 0.952
    85 50950 13783  4111  9653    50  0.066 0.108 0.825 0.019 0.028 0.952
    90 50508 13665  4144  9518    50  0.068 0.112 0.820 0.019 0.029 0.952
    95 50372 13503  4166  9471    50  0.069 0.114 0.817 0.019 0.029 0.952
   100 50784 13800  4202  9576    50  0.070 0.116 0.814 0.020 0.029 0.951
   105 51108 14010  4254  9727    50  0.071 0.118 0.812 0.020 0.030 0.951
   110 51242 13814  4185  9732    50  0.071 0.120 0.809 0.019 0.030 0.951
   115 51008 13769  4068  9545    50  0.072 0.122 0.806 0.018 0.029 0.953
   120 51285 13807  4142  9710    50  0.071 0.123 0.805 0.019 0.030 0.951
   125 51185 13752  4229  9701    50  0.070 0.122 0.808 0.019 0.029 0.952
   130 50497 13925  4089  9426    50  0.069 0.120 0.811 0.018 0.028 0.954
   135 50540 13918  4080  9604    50  0.068 0.117 0.814 0.019 0.029 0.952
   140 50455 13590  4114  9562    50  0.068 0.117 0.815 0.019 0.030 0.952
   145 50547 13724  4093  9679    50  0.067 0.116 0.817 0.019 0.030 0.951
   150 50393 13739  4131  9537    50  0.067 0.115 0.818 0.019 0.030 0.951
   155 50399 13767  4112  9458    50  0.067 0.115 0.819 0.018 0.029 0.952
   160 50574 13795  4110  9475    50  0.065 0.113 0.822 0.018 0.029 0.953
   165 50370 13616  4224  9424    50  0.063 0.111 0.826 0.017 0.028 0.955
   170 50382 13380  4191  9248    50  0.061 0.109 0.830 0.016 0.027 0.957
   175 50324 13489  4166  9317    50  0.060 0.108 0.833 0.017 0.028 0.955
   180 49923 13392  4143  9272    50  0.058 0.105 0.836 0.016 0.026 0.958
   185 49605 13395  4172  9042    50  0.057 0.103 0.839 0.016 0.026 0.958
   190 49369 13351  4184  9143    50  0.056 0.101 0.843 0.016 0.026 0.958
   195 49168 13369  4249  9001    50  0.055 0.098 0.847 0.016 0.025 0.959
   200 49013 13169  4222  8901    50  0.054 0.096 0.850 0.015 0.024 0.960
   205 48633 13378  4188  8957    50  0.053 0.095 0.853 0.016 0.025 0.959
   210 48352 13061  4205  8964    50  0.052 0.094 0.855 0.016 0.025 0.959
   215 48457 12962  4332  8883    50  0.051 0.093 0.856 0.015 0.024 0.961
   220 48202 13178  4294  8598    50  0.050 0.091 0.859 0.015 0.024 0.961
   225 47858 13195  4336  8532    50  0.048 0.088 0.863 0.015 0.024 0.961
   230 48073 13027  4340  8618    50  0.047 0.086 0.866 0.015 0.024 0.962
   235 47847 13005  4357  8557    50  0.047 0.086 0.867 0.015 0.024 0.962
   240 47765 12902  4282  8661    50  0.046 0.084 0.869 0.015 0.024 0.961
   245 47072 12843  4246  8313    50  0.046 0.083 0.871 0.015 0.024 0.962
   250 46916 12720  4296  8420    50  0.044 0.081 0.874 0.014 0.023 0.962
   255 47111 12805  4402  8416    50  0.044 0.081 0.875 0.014 0.023 0.962
   260 47033 12864  4263  8479    49  0.043 0.079 0.878 0.015 0.023 0.962
   265 47007 12692  4441  8503    49  0.042 0.077 0.881 0.014 0.023 0.963
   270 46564 12818  4364  8294    49  0.041 0.076 0.883 0.014 0.023 0.963
   275 46087 12708  4336  8113    49  0.040 0.074 0.886 0.014 0.022 0.964
   280 45977 12640  4363  8270    49  0.040 0.073 0.887 0.013 0.022 0.965
   285 45843 12619  4406  8022    49  0.039 0.071 0.890 0.013 0.021 0.966
   290 46023 12495  4397  8083    49  0.038 0.070 0.892 0.013 0.020 0.967
   295 45575 12332  4465  7897    49  0.038 0.069 0.893 0.013 0.021 0.967
   300 45100 12423  4366  7930    49  0.037 0.068 0.895 0.013 0.021 0.966
   305 45052 12267  4430  7907    49  0.036 0.067 0.897 0.013 0.021 0.966
   310 45010 12319  4407  7784    49  0.036 0.066 0.898 0.013 0.021 0.966
   315 45112 12429  4454  7834    49  0.036 0.066 0.898 0.013 0.021 0.966
   320 44940 12267  4463  7792    49  0.035 0.064 0.901 0.013 0.020 0.967
   325 44908 12120  4448  7669    49  0.035 0.064 0.902 0.013 0.021 0.967
   330 44595 12311  4433  7720    49  0.035 0.063 0.903 0.013 0.021 0.966
   335 44034 12362  4371  7580    49  0.034 0.062 0.904 0.013 0.020 0.967
   340 44799 12158  4484  7800    49  0.034 0.060 0.906 0.013 0.020 0.967
   345 44953 12253  4370  7774    49  0.033 0.060 0.907 0.013 0.020 0.968
   350 44414 11957  4434  7614    49  0.033 0.059 0.908 0.013 0.019 0.968
   355 44462 12028  4565  7570    49  0.032 0.058 0.910 0.012 0.019 0.969
   360 43954 12018  4417  7457    49  0.032 0.057 0.911 0.012 0.019 0.969
   365 43282 11715  4353  7336    49  0.032 0.056 0.912 0.012 0.019 0.969
   370 43308 11942  4643  7341    49  0.031 0.055 0.914 0.012 0.019 0.969
   375 43219 11988  4393  7228    49  0.031 0.054 0.914 0.012 0.019 0.969
   380 42941 11800  4416  7224    49  0.031 0.054 0.915 0.012 0.018 0.970
   385 42738 11584  4401  7235    49  0.031 0.052 0.917 0.012 0.018 0.970
   390 42925 11691  4606  7240    48  0.030 0.052 0.918 0.012 0.018 0.969
   395 42641 11917  4462  7171    48  0.030 0.051 0.919 0.012 0.018 0.970
   400 42713 11623  4514  7241    48  0.030 0.051 0.919 0.012 0.018 0.970
   405 42352 11599  4388  7079    48  0.030 0.050 0.920 0.012 0.017 0.970
   410 42641 11427  4543  7119    48  0.030 0.050 0.921 0.012 0.018 0.970
   415 42683 11708  4612  7155    48  0.029 0.049 0.921 0.012 0.018 0.970
   420 42362 11741  4425  7021    47  0.029 0.049 0.922 0.012 0.017 0.971
   425 42067 11488  4577  6967    47  0.029 0.049 0.922 0.012 0.017 0.971
   430 42146 11458  4655  7040    47  0.029 0.048 0.923 0.012 0.017 0.971
   435 42041 11400  4539  6910    47  0.029 0.048 0.923 0.012 0.017 0.971
   440 42334 11338  4492  6967    47  0.029 0.047 0.924 0.012 0.017 0.971
   445 41805 11483  4315  6947    47  0.029 0.047 0.924 0.012 0.017 0.971
   450 41480 11490  4540  6865    47  0.029 0.047 0.925 0.012 0.017 0.971
   455 41501 11547  4629  6796    47  0.028 0.047 0.925 0.012 0.017 0.971
   460 41813 11489  4530  6822    47  0.028 0.047 0.925 0.012 0.017 0.971
   465 41714 11600  4515  6967    47  0.028 0.047 0.925 0.012 0.017 0.971
   470 42023 11367  4480  6913    47  0.028 0.046 0.926 0.012 0.017 0.971
   475 42083 11489  4709  6999    47  0.028 0.046 0.926 0.012 0.017 0.971
   480 41973 11504  4512  6910    47  0.027 0.046 0.927 0.012 0.017 0.971
   485 41622 11383  4632  6985    47  0.027 0.046 0.927 0.012 0.017 0.971
   490 41782 11328  4503  6860    47  0.027 0.046 0.927 0.012 0.017 0.971
   495 41721 11402  4616  6924    47  0.027 0.045 0.927 0.012 0.017 0.971
   500 41315 11549  4433  6876    47  0.027 0.045 0.928 0.012 0.017 0.972
   505 41786 11328  4540  6826    47  0.027 0.045 0.929 0.012 0.016 0.972
   510 41520 11318  4515  6667    47  0.027 0.044 0.929 0.012 0.016 0.972
   515 41510 11398  4530  6754    47  0.027 0.044 0.930 0.012 0.016 0.972
   520 41260 11128  4607  6839    47  0.026 0.043 0.930 0.012 0.016 0.972
   525 40906 11242  4628  6701    47  0.026 0.043 0.931 0.012 0.016 0.972
   530 41064 11213  4532  6738    47  0.026 0.043 0.931 0.012 0.016 0.972
   535 41293 11258  4515  6809    47  0.026 0.042 0.932 0.012 0.016 0.972
   540 40617 11164  4542  6396    47  0.026 0.041 0.933 0.012 0.016 0.973
   545 40337 11127  4471  6504    47  0.026 0.041 0.934 0.012 0.016 0.972
   550 40445 11021  4575  6540    47  0.026 0.041 0.933 0.012 0.017 0.971
   555 40673 11207  4502  6676    47  0.026 0.041 0.933 0.012 0.016 0.972
   560 40540 11263  4701  6542    47  0.026 0.041 0.933 0.012 0.016 0.972
   565 40447 11103  4605  6520    47  0.025 0.041 0.934 0.012 0.016 0.972
   570 40614 11202  4535  6508    47  0.025 0.041 0.934 0.012 0.016 0.973
   575 40589 11219  4462  6644    47  0.025 0.041 0.934 0.012 0.016 0.972
   580 40710 11096  4689  6551    47  0.026 0.040 0.934 0.012 0.016 0.972
   585 40493 10917  4573  6491    47  0.026 0.040 0.934 0.012 0.016 0.972
   590 40651 10973  4676  6552    47  0.025 0.039 0.935 0.012 0.016 0.972
   595 40742 11156  4629  6628    47  0.026 0.040 0.935 0.012 0.016 0.972
   600 40474 11080  4687  6386    47  0.025 0.039 0.936 0.012 0.016 0.972
   605 40209 11232  4459  6455    47  0.025 0.039 0.936 0.012 0.016 0.972
   610 40144 11163  4547  6352    47  0.025 0.039 0.935 0.012 0.016 0.972
   615 40356 11034  4614  6488    47  0.025 0.039 0.936 0.012 0.016 0.973
   620 40262 11109  4573  6491    47  0.026 0.039 0.936 0.012 0.015 0.973
   625 40314 11124  4542  6538    47  0.025 0.039 0.936 0.012 0.015 0.973
   630 40225 11111  4586  6426    47  0.026 0.039 0.936 0.012 0.015 0.973
   635 39801 11072  4651  6250    47  0.026 0.038 0.936 0.012 0.015 0.974
   640 39858 11197  4631  6348    46  0.026 0.038 0.936 0.012 0.015 0.974
   645 39978 10989  4536  6351    46  0.025 0.038 0.937 0.012 0.015 0.973
   650 39580 11009  4514  6270    46  0.025 0.038 0.937 0.012 0.015 0.973
   655 39720 10967  4624  6370    46  0.025 0.038 0.938 0.012 0.015 0.973
   660 39848 11105  4602  6332    45  0.025 0.037 0.938 0.012 0.015 0.973
   665 39779 10879  4649  6368    45  0.025 0.037 0.938 0.011 0.015 0.974
   670 40133 10960  4698  6384    45  0.025 0.037 0.938 0.012 0.015 0.973
   675 39855 10918  4520  6344    45  0.025 0.037 0.938 0.012 0.015 0.973
   680 39604 10908  4664  6181    45  0.025 0.037 0.938 0.011 0.015 0.974
   685 39646 10951  4691  6362    45  0.025 0.037 0.938 0.012 0.015 0.973
   690 39413 10724  4649  6241    45  0.025 0.038 0.937 0.012 0.015 0.973
   695 39877 10976  4563  6457    45  0.025 0.038 0.937 0.012 0.015 0.973
   700 39715 11030  4649  6337    45  0.025 0.038 0.936 0.012 0.015 0.973
   705 40168 10891  4620  6402    45  0.025 0.038 0.937 0.012 0.015 0.973
   710 39853 10955  4503  6302    44  0.025 0.038 0.937 0.012 0.015 0.973
   715 39726 11116  4511  6357    43  0.025 0.038 0.937 0.012 0.015 0.973
   720 39659 11042  4580  6238    43  0.025 0.038 0.938 0.012 0.015 0.973
   725 39586 11018  4528  6382    43  0.025 0.037 0.938 0.011 0.015 0.974
   730 39879 10808  4669  6430    43  0.025 0.037 0.938 0.012 0.015 0.973
   735 39555 10867  4560  6357    43  0.024 0.036 0.939 0.012 0.015 0.973
   740 39621 10866  4473  6289    43  0.025 0.037 0.939 0.012 0.015 0.973
   745 39554 10829  4671  6253    43  0.024 0.036 0.939 0.012 0.015 0.973
   750 39688 11043  4647  6355    43  0.024 0.036 0.939 0.012 0.015 0.974
   755 39635 10804  4547  6350    43  0.024 0.036 0.940 0.012 0.015 0.973
   760 39547 10871  4435  6208    43  0.024 0.035 0.941 0.012 0.015 0.973
   765 39366 11071  4534  6168    43  0.024 0.036 0.940 0.012 0.015 0.973
   770 39332 11040  4612  6189    43  0.024 0.035 0.941 0.011 0.015 0.974
   775 39319 10703  4675  6211    43  0.024 0.035 0.941 0.011 0.015 0.974
   780 39321 10844  4638  6233    43  0.024 0.035 0.941 0.011 0.015 0.974
   785 39149 10821  4554  6224    43  0.024 0.036 0.940 0.011 0.015 0.974
   790 39395 10651  4509  6219    43  0.024 0.036 0.940 0.012 0.015 0.974
   795 39374 10616  4522  6222    43  0.024 0.035 0.941 0.012 0.015 0.974
   800 39372 10791  4652  6266    43  0.024 0.036 0.940 0.012 0.015 0.973
   805 39331 10918  4575  6216    43  0.024 0.036 0.940 0.012 0.015 0.973
   810 39349 10724  4562  6191    43  0.024 0.036 0.940 0.012 0.015 0.974
   815 39401 10961  4590  6349    43  0.024 0.036 0.940 0.011 0.015 0.974
   820 39384 10808  4636  6200    43  0.024 0.035 0.941 0.012 0.014 0.974
   825 39350 10858  4591  6208    43  0.024 0.035 0.941 0.012 0.014 0.974
   830 39013 10465  4607  6113    43  0.024 0.035 0.941 0.012 0.014 0.974
   835 39186 10701  4714  6111    43  0.024 0.035 0.942 0.011 0.015 0.974
   840 39142 10635  4529  6191    43  0.024 0.035 0.942 0.012 0.015 0.974
   845 38884 10990  4607  6117    43  0.024 0.035 0.942 0.012 0.015 0.974
   850 39489 10595  4743  6357    43  0.024 0.035 0.941 0.012 0.015 0.974
   855 39570 10918  4664  6276    43  0.024 0.035 0.941 0.012 0.015 0.973
   860 39381 10797  4577  6233    43  0.024 0.035 0.941 0.012 0.015 0.974
   865 39298 10773  4763  6193    43  0.024 0.035 0.941 0.012 0.015 0.974
   870 39295 10822  4654  6158    43  0.024 0.035 0.941 0.012 0.015 0.973
   875 39455 10920  4608  6309    43  0.024 0.035 0.942 0.012 0.015 0.974
   880 39161 10890  4663  6167    43  0.024 0.034 0.942 0.012 0.015 0.974
   885 38890 10812  4473  6059    43  0.024 0.034 0.942 0.012 0.014 0.974
   890 39030 10508  4663  6075    43  0.024 0.034 0.942 0.012 0.014 0.974
   895 38733 10803  4504  6015    43  0.024 0.034 0.942 0.012 0.014 0.974
   900 38836 10743  4583  6137    43  0.024 0.034 0.942 0.012 0.014 0.974
   905 38770 10800  4756  6076    43  0.024 0.034 0.941 0.012 0.015 0.974
   910 38734 10734  4468  6100    43  0.024 0.035 0.941 0.012 0.015 0.973
   915 38750 10787  4518  6228    43  0.024 0.035 0.941 0.012 0.015 0.973
   920 39172 10750  4556  6200    43  0.025 0.035 0.940 0.012 0.015 0.974
   925 39248 10867  4568  6173    43  0.024 0.035 0.941 0.012 0.014 0.974
   930 39577 10873  4679  6342    43  0.024 0.035 0.941 0.012 0.015 0.973
   935 39027 10932  4578  6059    43  0.024 0.035 0.941 0.012 0.015 0.974
   940 39351 10973  4620  6322    43  0.024 0.035 0.941 0.012 0.015 0.974
   945 39246 10947  4658  6209    43  0.024 0.035 0.941 0.011 0.015 0.974
   950 39730 10803  4692  6280    43  0.024 0.035 0.942 0.011 0.015 0.974
   955 39280 10748  4569  6187    43  0.023 0.035 0.942 0.011 0.015 0.974
   960 38930 10792  4617  6100    43  0.023 0.035 0.942 0.011 0.015 0.974
   965 39047 10616  4515  6159    43  0.023 0.035 0.942 0.011 0.015 0.974
   970 39086 10668  4616  6244    43  0.023 0.035 0.942 0.011 0.015 0.974
   975 39327 10957  4574  6247    43  0.023 0.035 0.942 0.011 0.015 0.974
   980 39283 10761  4528  6191    43  0.023 0.035 0.942 0.012 0.015 0.974
   985 39217 10729  4662  6156    43  0.023 0.035 0.941 0.012 0.015 0.974
   990 39543 10807  4557  6371    43  0.023 0.036 0.941 0.012 0.015 0.974
   995 39540 10832  4640  6206    43  0.023 0.035 0.941 0.011 0.015 0.974
  1000 39288 10808  4685  6176    43  0.024 0.035 0.941 0.012 0.015 0.973
