 nmt =               50
 dmf =      T
 dff =      F
 vgr =       0.100000001    
 lde =       0.899999976    
 theta =     0.500000000    
 sigma =     0.500000000    
 ssr =                1
 dr =        0.300000012    
 mr =         9.99999978E-03
 spdispr =           30
 gs =               300
 ini =            60000
 ngen =            1000
 Myseed =         84563
 nmap =            1000
 beta =       1.00000000    
 Gen nind ndea nveg nspo num_mat veg_1 spo_1 mat_1 veg_2 spo_2 mat_2
     0 60000     0     0     0    50  0.334 0.334 0.332   NaN   NaN   NaN
     5 52264 14415  3982  9879    50  0.311 0.345 0.343 0.241 0.246 0.512
    10 51578 13965  4142  9701    50  0.279 0.338 0.383 0.210 0.230 0.560
    15 50857 13448  4171  9290    50  0.253 0.327 0.420 0.184 0.214 0.602
    20 49136 13271  4133  8945    50  0.230 0.316 0.454 0.163 0.198 0.639
    25 47846 12899  4353  8428    50  0.212 0.303 0.485 0.146 0.185 0.669
    30 46470 12614  4362  8171    50  0.198 0.294 0.508 0.132 0.175 0.693
    35 45654 12360  4333  7846    50  0.185 0.288 0.527 0.120 0.166 0.714
    40 44723 12151  4418  7648    50  0.175 0.280 0.545 0.112 0.158 0.730
    45 43645 11898  4408  7288    50  0.166 0.276 0.558 0.105 0.154 0.741
    50 42796 11710  4472  7063    50  0.159 0.273 0.568 0.099 0.149 0.752
    55 42869 11652  4583  7225    50  0.153 0.272 0.575 0.093 0.147 0.760
    60 42826 11737  4515  7095    50  0.149 0.271 0.580 0.089 0.144 0.768
    65 42377 11657  4409  7103    50  0.144 0.270 0.585 0.086 0.143 0.771
    70 42307 11520  4462  7072    50  0.141 0.271 0.587 0.083 0.142 0.775
    75 42237 11460  4518  6960    50  0.138 0.271 0.592 0.079 0.138 0.783
    80 41841 11620  4574  6896    50  0.135 0.272 0.593 0.077 0.137 0.786
    85 41620 11399  4585  6734    50  0.132 0.272 0.596 0.074 0.136 0.790
    90 41694 11481  4509  6867    50  0.130 0.272 0.598 0.073 0.137 0.790
    95 41657 11325  4533  6803    50  0.127 0.271 0.602 0.071 0.133 0.795
   100 41715 11535  4593  6942    50  0.125 0.268 0.607 0.069 0.133 0.798
   105 41246 11381  4633  6770    50  0.123 0.267 0.609 0.068 0.132 0.800
   110 41185 11100  4574  6755    50  0.122 0.268 0.611 0.066 0.131 0.803
   115 41185 11251  4596  6678    50  0.120 0.268 0.611 0.066 0.133 0.801
   120 41081 11263  4521  6749    50  0.119 0.268 0.613 0.065 0.134 0.802
   125 41424 11342  4633  6829    50  0.118 0.268 0.614 0.064 0.133 0.804
   130 41052 11350  4655  6704    50  0.117 0.268 0.615 0.063 0.133 0.804
   135 41258 11292  4594  6734    50  0.115 0.264 0.621 0.062 0.134 0.804
   140 40808 11290  4463  6736    50  0.114 0.264 0.623 0.061 0.132 0.807
   145 40908 11387  4499  6651    50  0.112 0.262 0.626 0.061 0.133 0.807
   150 40735 11123  4450  6628    50  0.111 0.260 0.630 0.060 0.133 0.807
   155 40847 11237  4477  6579    50  0.109 0.258 0.633 0.058 0.131 0.811
   160 40770 11175  4637  6615    50  0.107 0.257 0.636 0.058 0.130 0.812
   165 40757 11073  4646  6380    50  0.106 0.254 0.640 0.057 0.130 0.813
   170 40519 11321  4597  6441    50  0.105 0.252 0.643 0.056 0.129 0.815
   175 39808 11074  4558  6278    50  0.103 0.250 0.647 0.055 0.127 0.818
   180 39502 10671  4525  6239    50  0.102 0.247 0.651 0.055 0.129 0.816
   185 39516 10816  4667  6170    50  0.101 0.245 0.654 0.054 0.128 0.818
   190 39316 10909  4587  6123    50  0.100 0.244 0.655 0.054 0.127 0.818
   195 39176 10952  4630  6135    50  0.099 0.242 0.659 0.054 0.127 0.819
   200 39165 10727  4648  6075    50  0.097 0.239 0.664 0.053 0.126 0.821
   205 39060 10718  4421  5968    50  0.096 0.238 0.666 0.052 0.125 0.823
   210 38816 10584  4636  5955    50  0.095 0.237 0.668 0.052 0.125 0.823
   215 38511 10720  4559  6014    50  0.094 0.234 0.672 0.051 0.126 0.822
   220 38438 10557  4641  5855    50  0.094 0.233 0.674 0.050 0.124 0.826
   225 38183 10372  4560  5792    50  0.092 0.232 0.676 0.050 0.123 0.827
   230 37895 10369  4650  5728    50  0.090 0.228 0.682 0.050 0.123 0.828
   235 37457 10427  4590  5659    50  0.089 0.225 0.686 0.049 0.122 0.829
   240 37266 10307  4597  5550    50  0.087 0.222 0.691 0.048 0.121 0.830
   245 37204 10363  4647  5492    50  0.087 0.221 0.692 0.048 0.120 0.832
   250 37265 10071  4624  5608    50  0.086 0.220 0.694 0.048 0.122 0.831
   255 37238 10198  4790  5528    50  0.086 0.219 0.695 0.047 0.121 0.832
   260 37088 10235  4684  5643    50  0.086 0.217 0.698 0.048 0.122 0.830
   265 36634  9971  4544  5396    50  0.085 0.216 0.699 0.047 0.121 0.832
   270 36596 10042  4660  5382    50  0.084 0.215 0.701 0.047 0.119 0.834
   275 36491 10021  4676  5419    50  0.084 0.213 0.703 0.047 0.121 0.832
   280 36403  9873  4724  5386    50  0.083 0.211 0.706 0.047 0.121 0.832
   285 36069 10056  4659  5239    50  0.082 0.209 0.709 0.046 0.119 0.836
   290 35276  9910  4582  5118    50  0.081 0.207 0.712 0.045 0.118 0.837
   295 35267  9873  4500  5147    50  0.080 0.204 0.716 0.045 0.117 0.838
   300 35190  9702  4722  5062    50  0.079 0.203 0.718 0.046 0.119 0.835
   305 35335  9787  4502  5121    50  0.078 0.203 0.719 0.045 0.119 0.836
   310 35043  9842  4677  5075    50  0.078 0.202 0.721 0.045 0.119 0.836
   315 35329  9807  4654  5081    50  0.077 0.201 0.722 0.045 0.118 0.837
   320 35108  9678  4647  5114    50  0.077 0.198 0.725 0.045 0.118 0.837
   325 34878  9586  4794  4922    50  0.076 0.197 0.727 0.045 0.118 0.838
   330 34456  9612  4654  4836    50  0.075 0.195 0.730 0.044 0.116 0.840
   335 34452  9550  4611  4773    50  0.075 0.194 0.731 0.044 0.115 0.842
   340 34126  9435  4708  4846    50  0.075 0.193 0.733 0.044 0.115 0.841
   345 34039  9581  4686  4768    50  0.074 0.191 0.735 0.044 0.115 0.841
   350 34126  9492  4678  4754    50  0.074 0.190 0.736 0.044 0.114 0.842
   355 33706  9369  4581  4759    50  0.073 0.189 0.738 0.043 0.112 0.845
   360 33777  9304  4781  4695    50  0.073 0.187 0.740 0.044 0.114 0.842
   365 33840  9346  4720  4654    50  0.072 0.186 0.742 0.044 0.116 0.840
   370 33478  9304  4594  4664    50  0.071 0.185 0.744 0.043 0.114 0.842
   375 33040  9216  4659  4515    50  0.070 0.182 0.748 0.043 0.114 0.843
   380 33333  9337  4633  4575    50  0.069 0.182 0.749 0.043 0.116 0.841
   385 32932  9142  4705  4482    50  0.069 0.181 0.750 0.043 0.113 0.844
   390 32844  9204  4640  4476    50  0.068 0.179 0.753 0.042 0.113 0.845
   395 32521  9110  4628  4350    50  0.067 0.177 0.756 0.042 0.111 0.847
   400 32642  8860  4693  4445    50  0.067 0.176 0.758 0.042 0.110 0.848
   405 31740  9005  4513  4276    50  0.066 0.174 0.760 0.042 0.111 0.848
   410 31900  9019  4653  4214    50  0.066 0.173 0.761 0.042 0.110 0.849
   415 31997  8840  4594  4281    50  0.065 0.171 0.763 0.041 0.109 0.849
   420 32035  8901  4768  4274    50  0.065 0.170 0.765 0.041 0.108 0.851
   425 31808  8855  4695  4100    50  0.064 0.169 0.766 0.040 0.108 0.852
   430 31649  9005  4590  4095    50  0.064 0.168 0.768 0.040 0.107 0.853
   435 31718  8885  4608  4209    50  0.064 0.167 0.770 0.040 0.107 0.853
   440 31517  8861  4685  4129    50  0.063 0.166 0.771 0.040 0.108 0.852
   445 31079  8814  4571  4008    50  0.063 0.166 0.771 0.041 0.106 0.853
   450 30939  8585  4616  4076    50  0.063 0.165 0.771 0.041 0.106 0.853
   455 30821  8614  4620  3975    50  0.063 0.165 0.772 0.041 0.107 0.852
   460 30783  8556  4715  3993    50  0.063 0.164 0.773 0.041 0.107 0.853
   465 30838  8544  4669  4024    50  0.063 0.163 0.774 0.041 0.107 0.852
   470 30968  8776  4837  4050    50  0.063 0.162 0.775 0.041 0.107 0.852
   475 30677  8461  4475  3974    50  0.062 0.161 0.777 0.040 0.105 0.855
   480 30222  8529  4643  3929    50  0.062 0.160 0.778 0.040 0.106 0.854
   485 29956  8403  4510  3816    50  0.061 0.158 0.781 0.040 0.105 0.855
   490 30234  8438  4488  3902    50  0.061 0.156 0.784 0.040 0.105 0.854
   495 29758  8340  4533  3644    50  0.061 0.155 0.784 0.040 0.104 0.856
   500 29906  8279  4662  3761    50  0.061 0.155 0.784 0.040 0.104 0.856
   505 29800  8424  4569  3722    50  0.061 0.155 0.785 0.040 0.104 0.856
   510 29468  8264  4516  3741    50  0.060 0.154 0.786 0.040 0.103 0.857
   515 29530  8325  4570  3708    50  0.061 0.154 0.786 0.040 0.104 0.856
   520 29265  8499  4626  3583    50  0.061 0.154 0.786 0.040 0.103 0.857
   525 29528  8217  4556  3725    50  0.061 0.153 0.786 0.040 0.103 0.857
   530 29562  8249  4662  3667    50  0.061 0.152 0.787 0.040 0.103 0.858
   535 29216  8100  4564  3662    50  0.061 0.152 0.788 0.040 0.101 0.859
   540 29060  8255  4550  3654    50  0.061 0.150 0.789 0.040 0.101 0.859
   545 29049  8138  4566  3594    50  0.060 0.149 0.791 0.040 0.101 0.859
   550 28793  8108  4507  3519    50  0.060 0.148 0.792 0.040 0.101 0.860
   555 28789  8043  4597  3609    50  0.060 0.147 0.793 0.040 0.101 0.859
   560 28879  8146  4628  3588    50  0.060 0.146 0.794 0.040 0.102 0.858
   565 28767  8028  4686  3581    50  0.059 0.145 0.796 0.040 0.101 0.858
   570 28560  8195  4543  3516    50  0.059 0.145 0.796 0.041 0.101 0.858
   575 28255  7970  4550  3344    50  0.059 0.144 0.797 0.041 0.101 0.858
   580 28170  7985  4671  3399    50  0.058 0.144 0.798 0.040 0.100 0.860
   585 28296  7989  4301  3454    50  0.058 0.142 0.800 0.040 0.099 0.861
   590 28321  7897  4546  3419    50  0.057 0.142 0.801 0.039 0.099 0.862
   595 28230  8029  4467  3389    50  0.058 0.141 0.801 0.039 0.099 0.862
   600 27998  7951  4515  3320    50  0.057 0.141 0.802 0.040 0.099 0.862
   605 27536  7869  4484  3320    50  0.056 0.139 0.804 0.040 0.098 0.862
   610 27546  7727  4511  3352    50  0.057 0.138 0.806 0.040 0.098 0.862
   615 27637  7822  4618  3282    50  0.057 0.139 0.805 0.040 0.097 0.863
   620 27523  7795  4502  3224    50  0.056 0.138 0.806 0.040 0.098 0.862
   625 27461  7767  4538  3185    50  0.057 0.137 0.807 0.040 0.097 0.863
   630 27262  7689  4457  3226    50  0.056 0.136 0.807 0.040 0.096 0.864
   635 26940  7613  4467  3144    50  0.056 0.134 0.810 0.040 0.096 0.864
   640 26689  7504  4503  3005    50  0.055 0.134 0.811 0.039 0.095 0.866
   645 26899  7712  4427  3111    50  0.056 0.133 0.811 0.039 0.094 0.867
   650 26968  7516  4529  3120    50  0.055 0.132 0.813 0.039 0.095 0.866
   655 27117  7357  4637  3088    49  0.055 0.132 0.813 0.039 0.095 0.866
   660 26721  7503  4491  2988    49  0.055 0.131 0.815 0.039 0.093 0.868
   665 26362  7401  4485  2924    49  0.055 0.130 0.816 0.039 0.093 0.868
   670 26222  7337  4465  2878    48  0.054 0.129 0.817 0.039 0.092 0.869
   675 25876  7319  4349  2914    48  0.054 0.127 0.818 0.039 0.092 0.869
   680 25703  7232  4296  2947    48  0.054 0.127 0.819 0.039 0.092 0.869
   685 25775  7239  4401  2862    47  0.054 0.126 0.820 0.039 0.093 0.868
   690 26136  7234  4468  2881    47  0.055 0.126 0.819 0.039 0.092 0.869
   695 25674  7479  4323  2878    47  0.055 0.126 0.819 0.039 0.093 0.868
   700 25846  7237  4452  2766    47  0.054 0.125 0.821 0.039 0.093 0.868
   705 25962  7170  4498  2881    47  0.054 0.125 0.821 0.039 0.092 0.869
   710 25868  7254  4373  2792    47  0.054 0.124 0.822 0.039 0.092 0.869
   715 25511  7224  4338  2865    47  0.054 0.124 0.822 0.038 0.091 0.870
   720 25026  7222  4375  2691    47  0.053 0.123 0.823 0.038 0.091 0.871
   725 24788  6974  4212  2694    47  0.053 0.123 0.824 0.038 0.091 0.871
   730 25034  7150  4374  2762    47  0.053 0.123 0.824 0.038 0.091 0.870
   735 25031  7241  4362  2695    47  0.053 0.122 0.825 0.038 0.092 0.870
   740 24946  6979  4301  2697    47  0.053 0.121 0.826 0.038 0.092 0.870
   745 25019  6967  4345  2760    46  0.052 0.122 0.826 0.038 0.091 0.871
   750 25158  6972  4321  2726    46  0.052 0.121 0.827 0.038 0.090 0.872
   755 24938  7055  4307  2712    46  0.052 0.120 0.827 0.038 0.090 0.871
   760 24865  7072  4366  2733    46  0.052 0.120 0.828 0.038 0.089 0.873
   765 25033  7071  4360  2762    46  0.052 0.119 0.829 0.038 0.089 0.873
   770 24576  7006  4301  2628    46  0.052 0.118 0.830 0.038 0.089 0.872
   775 24319  6758  4290  2486    46  0.051 0.118 0.831 0.038 0.089 0.872
   780 24150  6936  4200  2597    46  0.051 0.117 0.832 0.038 0.089 0.873
   785 23912  7021  4347  2496    46  0.050 0.117 0.833 0.037 0.088 0.875
   790 24066  6729  4222  2462    46  0.050 0.117 0.833 0.037 0.088 0.875
   795 24285  6816  4223  2551    46  0.050 0.117 0.833 0.037 0.088 0.875
   800 24060  6758  4339  2629    46  0.049 0.116 0.834 0.037 0.088 0.875
   805 24562  6901  4310  2575    46  0.050 0.117 0.833 0.037 0.088 0.875
   810 24184  6989  4297  2540    45  0.050 0.116 0.834 0.037 0.088 0.875
   815 23789  6818  4270  2448    45  0.050 0.115 0.835 0.037 0.087 0.876
   820 23645  6845  4243  2419    45  0.050 0.115 0.835 0.037 0.087 0.876
   825 23677  6775  4344  2392    45  0.050 0.114 0.836 0.037 0.087 0.877
   830 23602  6708  4274  2411    45  0.050 0.115 0.836 0.037 0.086 0.877
   835 23700  6665  4293  2491    45  0.049 0.114 0.837 0.037 0.086 0.877
   840 23352  6715  4169  2449    45  0.050 0.114 0.836 0.037 0.086 0.877
   845 23554  6658  4280  2423    45  0.049 0.114 0.837 0.037 0.087 0.876
   850 23392  6623  4157  2435    45  0.049 0.113 0.838 0.037 0.086 0.877
   855 23288  6649  4282  2383    45  0.049 0.112 0.839 0.036 0.086 0.878
   860 23377  6663  4260  2399    45  0.049 0.113 0.838 0.037 0.086 0.877
   865 23452  6537  4209  2440    45  0.049 0.113 0.838 0.036 0.085 0.878
   870 23424  6490  4301  2391    45  0.049 0.112 0.839 0.037 0.086 0.878
   875 23316  6591  4311  2404    45  0.049 0.112 0.840 0.036 0.085 0.879
   880 23070  6573  4147  2371    45  0.049 0.112 0.839 0.036 0.084 0.879
   885 23299  6535  4215  2401    45  0.049 0.111 0.840 0.036 0.085 0.879
   890 23449  6490  4386  2390    45  0.048 0.111 0.841 0.036 0.086 0.878
   895 23416  6612  4303  2388    45  0.048 0.110 0.842 0.036 0.085 0.879
   900 23225  6474  4154  2343    45  0.048 0.109 0.843 0.037 0.085 0.879
   905 23089  6557  4229  2343    45  0.048 0.109 0.843 0.036 0.083 0.881
   910 22963  6517  4289  2198    45  0.048 0.109 0.843 0.036 0.084 0.880
   915 22268  6276  4108  2177    45  0.048 0.108 0.844 0.036 0.084 0.880
   920 22147  6212  4120  2187    45  0.047 0.108 0.844 0.036 0.084 0.881
   925 22357  6354  4189  2234    45  0.047 0.108 0.844 0.035 0.083 0.882
   930 22926  6309  4135  2327    45  0.048 0.108 0.844 0.036 0.084 0.880
   935 22931  6428  4235  2368    44  0.047 0.109 0.843 0.035 0.084 0.881
   940 22758  6609  4184  2311    44  0.047 0.109 0.844 0.035 0.083 0.881
   945 22804  6481  4311  2302    44  0.047 0.109 0.843 0.035 0.084 0.881
   950 22867  6484  4194  2250    44  0.047 0.109 0.843 0.036 0.084 0.880
   955 22738  6613  4111  2350    44  0.048 0.109 0.843 0.036 0.084 0.880
   960 22572  6502  4158  2219    44  0.047 0.109 0.844 0.035 0.084 0.881
   965 22682  6372  4147  2217    44  0.047 0.108 0.845 0.035 0.083 0.882
   970 22468  6363  4146  2249    43  0.047 0.108 0.845 0.036 0.084 0.881
   975 22506  6250  4218  2220    43  0.047 0.108 0.845 0.036 0.083 0.881
   980 22521  6445  4061  2221    43  0.048 0.108 0.844 0.036 0.084 0.880
   985 22580  6379  4094  2229    43  0.048 0.108 0.844 0.036 0.083 0.881
   990 22281  6380  4126  2225    43  0.048 0.109 0.844 0.035 0.083 0.882
   995 22542  6397  4188  2264    43  0.047 0.108 0.845 0.036 0.083 0.881
  1000 22759  6445  4198  2217    43  0.048 0.108 0.845 0.036 0.083 0.881
