 nmt =               50
 dmf =      T
 dff =      F
 vgr =       0.100000001    
 lde =       0.899999976    
 theta =     0.500000000    
 sigma =     0.500000000    
 ssr =                1
 dr =        0.300000012    
 mr =         9.99999978E-03
 spdispr =           30
 gs =               300
 ini =            60000
 ngen =            1000
 Myseed =         84563
 nmap =            1000
 beta =       1.20000005    
 Gen nind ndea nveg nspo num_mat veg_1 spo_1 mat_1 veg_2 spo_2 mat_2
     0 60000     0     0     0    50  0.333 0.333 0.334   NaN   NaN   NaN
     5 45985 12640  4319  7513    50  0.319 0.349 0.332 0.249 0.250 0.501
    10 43394 11945  4544  7078    50  0.291 0.349 0.360 0.228 0.241 0.531
    15 42344 11538  4457  6935    50  0.268 0.347 0.386 0.210 0.235 0.555
    20 42103 11503  4553  6913    50  0.249 0.345 0.406 0.193 0.231 0.576
    25 41051 11359  4476  6650    50  0.233 0.342 0.424 0.180 0.225 0.596
    30 40572 10929  4569  6511    50  0.220 0.340 0.441 0.167 0.218 0.615
    35 40227 11175  4641  6343    50  0.209 0.336 0.455 0.157 0.213 0.629
    40 39929 10809  4582  6238    50  0.201 0.332 0.467 0.149 0.210 0.642
    45 39266 10818  4606  6152    50  0.192 0.333 0.476 0.140 0.205 0.655
    50 38550 10667  4541  6065    50  0.183 0.332 0.486 0.133 0.202 0.665
    55 38495 10668  4651  5928    50  0.176 0.329 0.495 0.127 0.198 0.675
    60 38224 10436  4677  5924    50  0.172 0.329 0.498 0.121 0.198 0.681
    65 38127 10800  4577  5851    50  0.167 0.330 0.503 0.117 0.198 0.685
    70 38335 10471  4554  5887    50  0.162 0.328 0.510 0.113 0.197 0.689
    75 38097 10551  4670  5916    50  0.158 0.328 0.514 0.112 0.195 0.693
    80 37869 10442  4555  5898    50  0.155 0.327 0.518 0.108 0.193 0.699
    85 37900 10423  4629  5840    50  0.152 0.328 0.521 0.105 0.192 0.703
    90 38006 10654  4682  5831    50  0.149 0.327 0.525 0.103 0.191 0.706
    95 37987 10523  4508  5791    50  0.146 0.325 0.529 0.101 0.190 0.709
   100 37537 10421  4644  5693    50  0.144 0.325 0.531 0.099 0.188 0.713
   105 37375 10388  4598  5724    50  0.142 0.326 0.532 0.097 0.187 0.716
   110 37380 10400  4604  5759    50  0.140 0.325 0.536 0.096 0.189 0.715
   115 37664 10223  4617  5857    50  0.137 0.325 0.538 0.093 0.190 0.717
   120 37938 10460  4613  5851    50  0.135 0.324 0.541 0.091 0.188 0.721
   125 37861 10263  4631  5746    50  0.134 0.323 0.543 0.090 0.186 0.725
   130 37326 10328  4747  5661    50  0.132 0.321 0.547 0.088 0.186 0.726
   135 37255 10377  4669  5568    50  0.130 0.321 0.549 0.087 0.185 0.728
   140 37154 10264  4677  5546    50  0.128 0.317 0.555 0.085 0.183 0.731
   145 36958 10100  4553  5590    50  0.126 0.316 0.558 0.084 0.184 0.732
   150 36683 10350  4553  5526    50  0.124 0.314 0.561 0.084 0.184 0.733
   155 36772 10131  4643  5573    50  0.123 0.313 0.564 0.083 0.185 0.732
   160 36376 10310  4664  5430    50  0.122 0.312 0.566 0.082 0.185 0.733
   165 36182 10221  4636  5411    50  0.121 0.310 0.569 0.082 0.184 0.734
   170 36407 10106  4712  5336    50  0.120 0.311 0.568 0.081 0.185 0.734
   175 36210 10094  4594  5356    50  0.119 0.309 0.572 0.081 0.184 0.735
   180 36437 10080  4773  5336    50  0.117 0.307 0.576 0.079 0.185 0.736
   185 36093  9896  4621  5261    50  0.117 0.305 0.578 0.079 0.182 0.739
   190 35775  9939  4676  5231    50  0.115 0.301 0.584 0.078 0.181 0.741
   195 35519  9861  4585  5116    50  0.113 0.298 0.589 0.077 0.181 0.742
   200 35530 10059  4723  5178    50  0.113 0.297 0.590 0.077 0.184 0.739
   205 35545  9714  4693  5144    50  0.112 0.297 0.592 0.076 0.183 0.741
   210 35262  9997  4722  5053    50  0.110 0.292 0.598 0.076 0.183 0.741
   215 34934  9640  4670  4949    50  0.109 0.291 0.600 0.075 0.182 0.743
   220 34775  9836  4675  4928    50  0.108 0.288 0.603 0.074 0.181 0.745
   225 34712  9686  4690  4959    50  0.108 0.290 0.602 0.074 0.181 0.745
   230 34521  9428  4679  4917    50  0.107 0.288 0.604 0.074 0.181 0.746
   235 34360  9687  4714  4878    50  0.106 0.286 0.608 0.074 0.182 0.744
   240 34417  9383  4662  4950    50  0.106 0.285 0.609 0.073 0.181 0.746
   245 33915  9473  4609  4745    50  0.105 0.284 0.611 0.072 0.178 0.750
   250 33883  9390  4800  4734    50  0.105 0.282 0.613 0.073 0.180 0.748
   255 34056  9460  4640  4746    50  0.104 0.280 0.617 0.071 0.179 0.749
   260 33880  9296  4678  4779    50  0.103 0.280 0.617 0.071 0.180 0.749
   265 33808  9211  4601  4758    50  0.102 0.278 0.620 0.070 0.180 0.751
   270 33391  9355  4591  4670    50  0.101 0.276 0.623 0.070 0.180 0.751
   275 33254  9138  4504  4561    50  0.101 0.273 0.626 0.069 0.178 0.754
   280 33038  9257  4747  4441    50  0.100 0.271 0.629 0.069 0.179 0.751
   285 33268  9071  4703  4535    50  0.100 0.273 0.628 0.069 0.178 0.754
   290 32784  9197  4580  4434    50  0.099 0.269 0.632 0.069 0.178 0.753
   295 32509  9159  4608  4497    50  0.098 0.268 0.634 0.068 0.176 0.756
   300 32602  8998  4614  4449    50  0.098 0.266 0.636 0.067 0.176 0.757
   305 32278  9037  4691  4334    50  0.097 0.264 0.639 0.067 0.175 0.758
   310 32189  9021  4734  4229    50  0.096 0.261 0.642 0.067 0.175 0.758
   315 31931  8941  4512  4242    50  0.095 0.260 0.645 0.067 0.175 0.758
   320 31838  8881  4696  4304    50  0.095 0.258 0.647 0.066 0.175 0.759
   325 31602  9119  4528  4147    50  0.094 0.258 0.648 0.066 0.176 0.759
   330 31749  8825  4546  4229    50  0.093 0.255 0.652 0.065 0.174 0.761
   335 31510  8752  4663  4199    50  0.093 0.253 0.654 0.064 0.172 0.764
   340 31404  8593  4625  4225    50  0.093 0.253 0.654 0.064 0.174 0.762
   345 31391  8880  4641  4057    50  0.093 0.252 0.655 0.065 0.175 0.761
   350 31240  8627  4599  4248    50  0.093 0.252 0.655 0.064 0.173 0.763
   355 31102  8501  4698  4015    50  0.092 0.253 0.655 0.063 0.171 0.766
   360 31054  8634  4562  4010    50  0.091 0.251 0.658 0.063 0.171 0.766
   365 30689  8680  4541  3899    50  0.090 0.249 0.661 0.062 0.171 0.767
   370 30166  8450  4437  3910    50  0.090 0.247 0.663 0.062 0.172 0.766
   375 30789  8557  4617  4019    50  0.089 0.247 0.664 0.062 0.172 0.766
   380 30381  8532  4640  3816    50  0.089 0.246 0.665 0.062 0.170 0.768
   385 30562  8467  4552  3912    50  0.089 0.246 0.666 0.062 0.170 0.768
   390 30441  8604  4510  3952    50  0.088 0.245 0.666 0.061 0.170 0.769
   395 30186  8464  4694  3858    50  0.087 0.243 0.670 0.061 0.169 0.770
   400 30084  8402  4516  3778    50  0.087 0.241 0.672 0.061 0.172 0.768
   405 30314  8541  4662  3800    50  0.087 0.241 0.672 0.060 0.171 0.769
   410 30027  8380  4603  3702    50  0.087 0.240 0.673 0.060 0.170 0.769
   415 30233  8382  4524  3794    50  0.086 0.238 0.676 0.060 0.170 0.770
   420 29535  8349  4534  3592    50  0.085 0.238 0.677 0.060 0.170 0.770
   425 29470  8198  4472  3714    50  0.085 0.237 0.678 0.060 0.170 0.770
   430 29371  8196  4556  3712    50  0.084 0.235 0.681 0.060 0.171 0.769
   435 29637  8272  4594  3703    50  0.084 0.233 0.682 0.060 0.170 0.770
   440 29852  8237  4620  3751    50  0.084 0.233 0.683 0.060 0.168 0.772
   445 29427  8117  4535  3613    50  0.084 0.231 0.685 0.059 0.167 0.773
   450 28678  8118  4517  3560    50  0.083 0.231 0.686 0.059 0.167 0.774
   455 28508  8117  4444  3476    50  0.083 0.228 0.689 0.059 0.167 0.775
   460 28209  8031  4518  3385    50  0.083 0.227 0.690 0.058 0.168 0.774
   465 28324  7853  4510  3517    50  0.082 0.226 0.692 0.059 0.167 0.774
   470 28308  8057  4592  3442    50  0.082 0.226 0.692 0.058 0.167 0.775
   475 28044  7905  4525  3440    50  0.082 0.225 0.693 0.058 0.166 0.776
   480 27959  7817  4506  3290    50  0.081 0.223 0.696 0.058 0.167 0.775
   485 27916  7770  4386  3383    50  0.080 0.223 0.697 0.057 0.165 0.778
   490 28040  7787  4585  3314    50  0.080 0.221 0.699 0.057 0.165 0.778
   495 28010  7686  4511  3407    50  0.079 0.219 0.703 0.057 0.166 0.778
   500 27707  7916  4511  3277    50  0.079 0.219 0.702 0.056 0.165 0.778
   505 27476  7782  4498  3284    50  0.079 0.218 0.703 0.056 0.164 0.779
   510 27655  7638  4634  3161    50  0.078 0.217 0.705 0.056 0.164 0.779
   515 27466  7786  4489  3209    49  0.078 0.217 0.705 0.056 0.163 0.781
   520 27594  7715  4402  3344    49  0.078 0.216 0.707 0.056 0.164 0.780
   525 26989  7653  4376  3124    49  0.077 0.214 0.709 0.055 0.163 0.782
   530 27052  7696  4498  3159    49  0.076 0.213 0.711 0.055 0.163 0.782
   535 27260  7565  4494  3132    49  0.076 0.212 0.712 0.056 0.164 0.781
   540 27209  7624  4603  3172    48  0.076 0.211 0.713 0.056 0.164 0.780
   545 27080  7588  4514  3195    48  0.076 0.211 0.713 0.055 0.164 0.780
   550 27258  7747  4582  3217    48  0.075 0.210 0.715 0.055 0.163 0.782
   555 26992  7700  4290  3142    47  0.075 0.210 0.715 0.055 0.162 0.783
   560 26478  7593  4392  3034    47  0.075 0.208 0.717 0.055 0.162 0.783
   565 26460  7357  4515  3039    46  0.075 0.208 0.717 0.054 0.161 0.785
   570 26313  7377  4421  2960    46  0.074 0.207 0.719 0.053 0.160 0.786
   575 26469  7618  4489  3038    46  0.074 0.206 0.720 0.053 0.159 0.788
   580 26581  7348  4551  3047    46  0.073 0.205 0.722 0.053 0.160 0.787
   585 26504  7314  4511  3076    46  0.073 0.203 0.724 0.052 0.160 0.787
   590 25867  7340  4331  2918    46  0.073 0.204 0.723 0.052 0.160 0.788
   595 26104  7430  4361  2961    46  0.072 0.204 0.725 0.052 0.160 0.788
   600 26062  7502  4497  2850    46  0.071 0.203 0.726 0.051 0.159 0.789
   605 26078  7453  4270  2884    46  0.071 0.203 0.726 0.051 0.159 0.790
   610 26031  7536  4437  2826    45  0.071 0.202 0.727 0.051 0.161 0.789
   615 26040  7326  4419  2927    45  0.070 0.200 0.730 0.051 0.160 0.789
   620 26280  7178  4479  2932    45  0.070 0.199 0.731 0.050 0.159 0.790
   625 25849  7184  4387  2837    45  0.070 0.198 0.732 0.051 0.158 0.791
   630 25910  7327  4354  2955    45  0.069 0.198 0.733 0.050 0.158 0.792
   635 25471  7170  4313  2880    45  0.069 0.197 0.734 0.050 0.157 0.793
   640 25065  7238  4430  2708    45  0.069 0.196 0.735 0.049 0.156 0.795
   645 24894  7178  4420  2630    45  0.068 0.196 0.736 0.049 0.155 0.796
   650 24874  6988  4274  2774    45  0.068 0.195 0.737 0.049 0.155 0.796
   655 24997  7050  4409  2717    45  0.068 0.194 0.738 0.050 0.155 0.795
   660 24986  7139  4361  2800    45  0.067 0.193 0.740 0.049 0.155 0.796
   665 24716  7040  4293  2662    45  0.068 0.192 0.740 0.049 0.156 0.795
   670 24604  7028  4307  2578    45  0.068 0.191 0.741 0.049 0.156 0.795
   675 24191  6792  4202  2624    45  0.066 0.189 0.744 0.049 0.154 0.796
   680 24024  6804  4283  2461    45  0.066 0.189 0.745 0.048 0.154 0.798
   685 23758  6656  4220  2487    45  0.065 0.187 0.747 0.049 0.154 0.798
   690 23645  6828  4249  2453    44  0.065 0.187 0.748 0.049 0.154 0.798
   695 23285  6788  4185  2373    44  0.064 0.186 0.750 0.048 0.153 0.799
   700 23376  6558  4116  2394    43  0.064 0.185 0.750 0.048 0.153 0.799
   705 23227  6616  4175  2475    43  0.064 0.185 0.751 0.048 0.153 0.798
   710 23728  6736  4188  2419    43  0.065 0.185 0.750 0.049 0.153 0.799
   715 24094  6661  4261  2566    43  0.064 0.184 0.752 0.048 0.153 0.799
   720 23615  6947  4122  2449    43  0.065 0.184 0.751 0.048 0.151 0.801
   725 23753  6659  4355  2466    43  0.063 0.183 0.753 0.047 0.150 0.803
   730 23620  6714  4311  2421    43  0.063 0.183 0.754 0.047 0.151 0.801
   735 23025  6667  4200  2245    43  0.063 0.182 0.755 0.047 0.150 0.804
   740 23057  6628  4149  2424    43  0.062 0.181 0.756 0.047 0.148 0.805
   745 23101  6728  4211  2321    43  0.063 0.181 0.757 0.047 0.148 0.805
   750 23217  6478  4134  2425    43  0.064 0.181 0.755 0.047 0.148 0.805
   755 22994  6638  4115  2326    43  0.063 0.180 0.757 0.047 0.148 0.805
   760 22905  6529  4248  2238    43  0.062 0.178 0.760 0.047 0.148 0.805
   765 22845  6493  4255  2291    43  0.062 0.177 0.761 0.047 0.147 0.806
   770 22923  6402  4252  2267    43  0.062 0.176 0.762 0.047 0.147 0.806
   775 22575  6342  4149  2245    43  0.062 0.176 0.762 0.047 0.146 0.807
   780 22463  6381  4221  2236    42  0.061 0.175 0.764 0.048 0.146 0.806
   785 22656  6341  4274  2260    42  0.062 0.175 0.763 0.048 0.146 0.806
   790 22374  6460  4005  2286    42  0.062 0.176 0.763 0.048 0.146 0.806
   795 22349  6320  4061  2228    42  0.062 0.175 0.763 0.048 0.145 0.807
   800 22281  6338  4165  2228    42  0.062 0.174 0.763 0.047 0.145 0.807
   805 22153  6356  4203  2233    42  0.062 0.174 0.764 0.048 0.145 0.808
   810 21988  6245  4213  2177    42  0.062 0.173 0.765 0.047 0.144 0.808
   815 21987  6291  3999  2165    41  0.062 0.173 0.766 0.047 0.145 0.809
   820 22114  6366  4100  2210    41  0.061 0.172 0.766 0.047 0.144 0.809
   825 21822  6116  3993  2106    41  0.061 0.173 0.766 0.047 0.144 0.810
   830 21809  6180  4056  2117    41  0.061 0.172 0.767 0.046 0.144 0.810
   835 21837  6108  4084  2104    41  0.061 0.172 0.767 0.046 0.143 0.810
   840 22066  6222  4165  2157    41  0.061 0.171 0.768 0.047 0.144 0.809
   845 21884  6285  4093  2093    41  0.060 0.171 0.769 0.047 0.144 0.809
   850 21891  6206  4118  2013    41  0.060 0.171 0.769 0.046 0.143 0.811
   855 21478  6276  4032  2036    41  0.061 0.170 0.769 0.046 0.143 0.811
   860 21538  6148  4025  2114    41  0.060 0.170 0.770 0.046 0.143 0.810
   865 22004  6271  4168  2107    41  0.060 0.170 0.770 0.047 0.144 0.810
   870 21629  6176  4066  2070    41  0.060 0.168 0.772 0.046 0.143 0.811
   875 21811  5994  4135  2098    41  0.060 0.169 0.772 0.046 0.143 0.812
   880 21201  6203  3997  1982    41  0.060 0.168 0.772 0.046 0.141 0.813
   885 21139  6178  4032  1988    41  0.060 0.168 0.772 0.046 0.141 0.813
   890 21167  6025  4051  2050    41  0.060 0.167 0.773 0.047 0.142 0.811
   895 21547  6055  4087  2170    41  0.060 0.167 0.774 0.046 0.142 0.812
   900 21111  5967  3998  1928    41  0.060 0.166 0.774 0.046 0.141 0.813
   905 21002  5961  3910  1958    41  0.059 0.166 0.775 0.046 0.140 0.814
   910 21143  6037  4035  1974    41  0.059 0.166 0.775 0.046 0.140 0.814
   915 21361  5905  4031  1968    41  0.059 0.165 0.777 0.047 0.140 0.813
   920 21196  6155  3952  2039    41  0.059 0.164 0.778 0.046 0.139 0.815
   925 20978  5974  4091  1980    41  0.058 0.162 0.779 0.046 0.139 0.816
   930 21000  6048  4041  1900    41  0.058 0.162 0.779 0.046 0.139 0.816
   935 20497  5920  3868  1847    41  0.058 0.162 0.780 0.046 0.139 0.815
   940 20514  5910  3995  1911    40  0.058 0.163 0.780 0.046 0.138 0.816
   945 20396  5657  4004  1900    40  0.057 0.162 0.781 0.045 0.138 0.818
   950 20287  5771  3905  1828    40  0.057 0.162 0.781 0.044 0.138 0.818
   955 20151  5829  3945  1823    40  0.057 0.162 0.781 0.044 0.137 0.819
   960 20467  5789  3997  1899    40  0.057 0.161 0.782 0.045 0.138 0.817
   965 20133  5741  3854  1796    40  0.057 0.161 0.782 0.044 0.137 0.819
   970 19896  5775  3817  1796    40  0.056 0.161 0.782 0.045 0.137 0.818
   975 19913  5731  3898  1812    40  0.057 0.162 0.782 0.045 0.137 0.818
   980 20036  5726  3957  1842    40  0.057 0.161 0.782 0.044 0.136 0.820
   985 19777  5797  3891  1850    40  0.057 0.161 0.782 0.044 0.136 0.819
   990 20131  5628  3963  1804    40  0.056 0.161 0.783 0.045 0.137 0.819
   995 20609  5914  3981  1881    40  0.056 0.159 0.785 0.045 0.136 0.819
  1000 20238  5902  4028  1777    40  0.056 0.159 0.785 0.045 0.136 0.819
