 nmt =               50
 dmf =      T
 dff =      F
 vgr =       0.100000001    
 lde =       0.899999976    
 theta =     0.500000000    
 sigma =     0.500000000    
 ssr =                1
 dr =        0.300000012    
 mr =         9.99999978E-03
 spdispr =           30
 gs =               300
 ini =            60000
 ngen =            1000
 Myseed =         84563
 nmap =            1000
 beta =       2.00000000    
 Gen nind ndea nveg nspo num_mat veg_1 spo_1 mat_1 veg_2 spo_2 mat_2
     0 60000     0     0     0    50  0.334 0.334 0.333   NaN   NaN   NaN
     5 31861  9498  4685  2258    50  0.344 0.350 0.306 0.263 0.256 0.482
    10 24590  7285  4342  1907    50  0.330 0.357 0.313 0.263 0.255 0.482
    15 21408  6318  4138  1693    50  0.316 0.363 0.320 0.260 0.256 0.484
    20 20471  5738  4018  1674    50  0.306 0.372 0.323 0.258 0.266 0.476
    25 19511  5664  3846  1607    50  0.293 0.385 0.322 0.255 0.280 0.465
    30 19099  5449  3798  1692    50  0.282 0.397 0.321 0.250 0.292 0.458
    35 19245  5442  3761  1764    50  0.272 0.409 0.319 0.244 0.303 0.453
    40 19849  5490  3788  1865    50  0.264 0.421 0.315 0.234 0.315 0.451
    45 20728  5931  4004  2093    50  0.255 0.433 0.312 0.230 0.330 0.440
    50 21948  6218  4037  2329    50  0.245 0.449 0.306 0.226 0.342 0.432
    55 23208  6584  4300  2576    50  0.236 0.460 0.304 0.219 0.355 0.426
    60 24747  6894  4332  2890    50  0.227 0.470 0.303 0.213 0.366 0.421
    65 25781  7205  4313  3126    50  0.219 0.477 0.304 0.209 0.367 0.424
    70 26600  7581  4517  3105    50  0.215 0.484 0.301 0.204 0.370 0.426
    75 27491  7683  4457  3341    50  0.211 0.490 0.300 0.200 0.373 0.428
    80 28247  7944  4555  3599    50  0.206 0.494 0.300 0.195 0.377 0.428
    85 28843  8089  4694  3535    50  0.200 0.497 0.302 0.192 0.376 0.432
    90 28815  8092  4476  3520    50  0.198 0.499 0.304 0.190 0.375 0.435
    95 28343  8133  4533  3480    50  0.195 0.497 0.308 0.188 0.378 0.434
   100 28526  8167  4427  3508    50  0.192 0.498 0.309 0.183 0.375 0.441
   105 28560  7904  4536  3607    50  0.190 0.498 0.312 0.183 0.372 0.445
   110 28494  8149  4640  3480    50  0.188 0.499 0.313 0.180 0.375 0.445
   115 28517  7994  4691  3515    50  0.186 0.500 0.313 0.180 0.373 0.447
   120 28629  8095  4500  3596    50  0.184 0.501 0.315 0.178 0.371 0.451
   125 28584  7932  4596  3524    50  0.182 0.498 0.320 0.176 0.372 0.452
   130 28208  7942  4386  3354    50  0.182 0.496 0.322 0.174 0.370 0.457
   135 28150  7963  4475  3384    50  0.181 0.495 0.324 0.174 0.368 0.457
   140 28003  7784  4529  3340    50  0.180 0.492 0.328 0.174 0.370 0.455
   145 27956  8017  4389  3344    50  0.179 0.493 0.328 0.173 0.371 0.457
   150 27782  7835  4556  3318    50  0.176 0.492 0.332 0.171 0.372 0.458
   155 27228  7777  4470  3237    50  0.176 0.490 0.334 0.170 0.371 0.458
   160 27375  7635  4481  3262    50  0.175 0.488 0.337 0.171 0.371 0.458
   165 27039  7767  4429  3050    50  0.175 0.485 0.340 0.169 0.369 0.463
   170 26835  7711  4555  3075    50  0.174 0.483 0.343 0.168 0.370 0.463
   175 26487  7546  4421  3059    50  0.173 0.482 0.345 0.166 0.372 0.462
   180 26791  7633  4459  3148    50  0.173 0.482 0.346 0.166 0.374 0.460
   185 26896  7518  4427  3061    50  0.173 0.482 0.345 0.166 0.371 0.462
   190 26776  7535  4454  3075    50  0.172 0.479 0.350 0.166 0.369 0.465
   195 26275  7533  4427  3029    50  0.171 0.476 0.353 0.166 0.368 0.466
   200 26200  7244  4486  2974    50  0.172 0.475 0.353 0.164 0.368 0.469
   205 26163  7449  4416  2908    50  0.172 0.473 0.355 0.164 0.367 0.468
   210 26159  7469  4504  2874    50  0.171 0.472 0.357 0.163 0.367 0.470
   215 25707  7441  4484  2841    50  0.169 0.471 0.360 0.161 0.368 0.471
   220 25784  7398  4397  2882    50  0.169 0.470 0.361 0.161 0.366 0.473
   225 25353  7296  4366  2787    50  0.168 0.469 0.363 0.158 0.373 0.469
   230 25377  7154  4330  2815    50  0.166 0.470 0.364 0.158 0.372 0.470
   235 25613  7237  4458  2889    50  0.166 0.470 0.364 0.157 0.373 0.470
   240 25329  7184  4382  2802    50  0.166 0.468 0.366 0.158 0.371 0.471
   245 25384  7136  4413  2724    50  0.167 0.466 0.367 0.158 0.372 0.471
   250 25235  7067  4387  2784    50  0.164 0.465 0.370 0.156 0.374 0.469
   255 25231  7129  4326  2719    50  0.164 0.465 0.372 0.156 0.374 0.470
   260 24972  7170  4304  2765    50  0.164 0.463 0.373 0.155 0.374 0.471
   265 24707  7089  4366  2621    50  0.164 0.463 0.374 0.153 0.374 0.474
   270 24696  7120  4381  2613    50  0.163 0.462 0.375 0.151 0.372 0.477
   275 24470  7019  4259  2542    50  0.162 0.460 0.379 0.151 0.372 0.477
   280 23931  6916  4185  2471    50  0.161 0.460 0.379 0.151 0.372 0.477
   285 24021  6906  4391  2499    50  0.161 0.460 0.380 0.150 0.374 0.476
   290 24333  6920  4272  2562    50  0.160 0.458 0.382 0.149 0.377 0.474
   295 24149  6887  4409  2555    50  0.160 0.456 0.384 0.149 0.378 0.473
   300 24431  6893  4408  2570    50  0.158 0.457 0.385 0.148 0.378 0.474
   305 24123  7010  4278  2507    50  0.158 0.458 0.385 0.147 0.378 0.475
   310 23795  6735  4161  2477    50  0.158 0.455 0.387 0.148 0.378 0.474
   315 23608  6829  4164  2420    50  0.158 0.454 0.388 0.147 0.376 0.477
   320 23688  6788  4369  2492    50  0.158 0.453 0.389 0.147 0.377 0.476
   325 23574  6714  4245  2413    50  0.157 0.452 0.391 0.148 0.377 0.474
   330 23646  6637  4259  2438    50  0.156 0.451 0.393 0.147 0.379 0.474
   335 23477  6669  4218  2396    50  0.157 0.450 0.393 0.146 0.379 0.475
   340 23070  6736  4257  2314    50  0.157 0.445 0.398 0.146 0.376 0.478
   345 22765  6555  4150  2309    50  0.155 0.447 0.398 0.146 0.376 0.478
   350 22684  6467  4120  2307    50  0.155 0.447 0.398 0.146 0.375 0.479
   355 22937  6523  4363  2321    50  0.154 0.445 0.402 0.145 0.375 0.480
   360 23018  6562  4292  2283    50  0.154 0.445 0.402 0.145 0.377 0.478
   365 22840  6386  4199  2259    50  0.154 0.444 0.402 0.144 0.375 0.481
   370 22929  6482  4217  2301    50  0.153 0.441 0.405 0.144 0.374 0.482
   375 23009  6501  4220  2243    50  0.153 0.440 0.407 0.143 0.372 0.485
   380 22525  6490  4156  2250    50  0.153 0.438 0.409 0.143 0.373 0.484
   385 22476  6362  4147  2199    50  0.152 0.438 0.410 0.143 0.374 0.483
   390 22050  6358  4169  2112    50  0.152 0.437 0.411 0.143 0.374 0.483
   395 21860  6172  4046  2186    50  0.151 0.437 0.412 0.143 0.373 0.484
   400 21805  6182  4090  2096    50  0.151 0.435 0.414 0.143 0.370 0.487
   405 21672  6137  4128  2056    50  0.151 0.434 0.415 0.143 0.369 0.487
   410 21780  6144  4159  2140    50  0.151 0.431 0.418 0.143 0.373 0.484
   415 21711  6134  4096  2066    50  0.150 0.431 0.419 0.142 0.374 0.484
   420 21727  6171  4076  2025    50  0.151 0.429 0.420 0.142 0.372 0.486
   425 21695  6049  4101  2073    50  0.150 0.428 0.422 0.143 0.372 0.485
   430 20973  6124  3889  1955    50  0.150 0.428 0.422 0.143 0.372 0.484
   435 21308  5973  4223  1981    50  0.149 0.426 0.425 0.143 0.371 0.486
   440 20879  6037  4017  1971    50  0.148 0.428 0.424 0.142 0.373 0.485
   445 20856  5971  3951  2014    50  0.149 0.427 0.425 0.141 0.372 0.486
   450 21000  5944  4035  1906    50  0.149 0.425 0.426 0.141 0.373 0.486
   455 21045  6044  4124  1975    50  0.149 0.423 0.428 0.141 0.371 0.488
   460 20191  5766  3883  1832    50  0.148 0.422 0.430 0.140 0.371 0.489
   465 19931  5718  3891  1800    50  0.147 0.422 0.431 0.140 0.367 0.493
   470 20094  5698  4042  1785    50  0.147 0.420 0.433 0.140 0.368 0.492
   475 19802  5682  3908  1662    50  0.147 0.420 0.434 0.140 0.368 0.491
   480 19633  5811  3784  1791    50  0.146 0.418 0.436 0.139 0.368 0.493
   485 19570  5692  3913  1700    50  0.146 0.417 0.436 0.139 0.368 0.493
   490 19613  5540  3867  1726    50  0.146 0.418 0.435 0.140 0.368 0.492
   495 19831  5552  3846  1801    50  0.146 0.419 0.435 0.140 0.370 0.490
   500 19979  5660  3955  1834    50  0.146 0.418 0.436 0.139 0.371 0.490
   505 19959  5735  3996  1759    50  0.146 0.418 0.436 0.140 0.371 0.489
   510 19956  5673  3875  1799    50  0.146 0.416 0.438 0.139 0.371 0.490
   515 19857  5773  3869  1780    50  0.146 0.414 0.440 0.139 0.371 0.489
   520 19683  5606  3891  1714    50  0.146 0.412 0.442 0.139 0.371 0.490
   525 19744  5519  3945  1763    50  0.146 0.411 0.443 0.139 0.367 0.494
   530 19897  5638  3885  1784    50  0.146 0.410 0.444 0.139 0.367 0.495
   535 19533  5559  3856  1770    50  0.146 0.408 0.446 0.138 0.366 0.496
   540 19376  5643  3866  1632    50  0.146 0.407 0.447 0.138 0.366 0.496
   545 19201  5523  3771  1691    50  0.145 0.406 0.449 0.137 0.365 0.498
   550 18910  5488  3651  1599    50  0.144 0.406 0.450 0.137 0.364 0.499
   555 18824  5331  3803  1609    50  0.144 0.405 0.451 0.136 0.363 0.501
   560 18485  5316  3759  1516    50  0.144 0.404 0.453 0.136 0.363 0.501
   565 18115  5243  3637  1540    50  0.142 0.403 0.455 0.136 0.363 0.501
   570 18586  5269  3663  1534    50  0.142 0.402 0.456 0.136 0.364 0.500
   575 18663  5353  3767  1558    50  0.142 0.401 0.458 0.135 0.363 0.501
   580 18436  5325  3714  1631    50  0.141 0.400 0.459 0.135 0.362 0.503
   585 18218  5291  3614  1539    50  0.141 0.397 0.462 0.135 0.362 0.503
   590 18084  5242  3709  1542    49  0.141 0.398 0.461 0.134 0.362 0.504
   595 17917  5086  3631  1448    49  0.140 0.397 0.463 0.134 0.361 0.505
   600 17784  5187  3693  1519    49  0.140 0.396 0.463 0.134 0.363 0.503
   605 17776  5215  3614  1444    49  0.139 0.397 0.464 0.134 0.363 0.504
   610 17529  5187  3707  1462    49  0.139 0.399 0.462 0.133 0.365 0.503
   615 17386  5115  3565  1382    49  0.139 0.399 0.462 0.132 0.365 0.503
   620 17506  4936  3557  1467    49  0.139 0.397 0.464 0.132 0.364 0.504
   625 17441  5040  3511  1411    49  0.139 0.396 0.465 0.132 0.363 0.505
   630 17514  5200  3650  1453    49  0.139 0.394 0.467 0.132 0.362 0.507
   635 17167  4830  3585  1377    49  0.139 0.397 0.464 0.131 0.361 0.508
   640 17246  4979  3642  1378    49  0.138 0.395 0.467 0.131 0.361 0.508
   645 17355  4912  3554  1383    49  0.137 0.395 0.468 0.131 0.363 0.506
   650 17598  5077  3600  1347    49  0.137 0.395 0.468 0.130 0.362 0.507
   655 17268  5022  3613  1390    49  0.137 0.394 0.469 0.130 0.362 0.508
   660 17162  4953  3521  1359    49  0.137 0.395 0.468 0.130 0.363 0.507
   665 17172  5041  3534  1336    49  0.136 0.394 0.470 0.130 0.362 0.509
   670 16995  4763  3500  1341    49  0.136 0.393 0.471 0.130 0.362 0.508
   675 16827  4897  3468  1348    49  0.136 0.393 0.471 0.129 0.362 0.509
   680 16983  4973  3569  1383    49  0.136 0.393 0.472 0.128 0.363 0.508
   685 16978  4794  3544  1345    49  0.136 0.392 0.472 0.127 0.364 0.509
   690 16738  4873  3463  1283    49  0.135 0.392 0.473 0.127 0.364 0.510
   695 16505  4856  3453  1320    49  0.135 0.394 0.472 0.126 0.365 0.509
   700 16892  4719  3541  1324    48  0.134 0.393 0.473 0.126 0.365 0.510
   705 16857  4856  3588  1254    48  0.133 0.392 0.475 0.125 0.363 0.512
   710 16549  4735  3425  1296    48  0.133 0.390 0.477 0.125 0.363 0.512
   715 16254  4758  3420  1257    48  0.132 0.390 0.477 0.126 0.363 0.511
   720 16319  4629  3393  1330    48  0.132 0.390 0.478 0.125 0.364 0.511
   725 16215  4720  3358  1274    48  0.133 0.391 0.477 0.124 0.363 0.512
   730 16419  4739  3550  1289    48  0.132 0.391 0.477 0.125 0.364 0.511
   735 16783  4865  3633  1325    48  0.132 0.391 0.477 0.124 0.365 0.511
   740 16792  4778  3584  1333    47  0.131 0.392 0.477 0.124 0.365 0.511
   745 16615  4790  3477  1297    47  0.131 0.391 0.478 0.124 0.363 0.513
   750 16645  4835  3513  1363    47  0.130 0.390 0.480 0.123 0.363 0.515
   755 16492  4748  3473  1275    47  0.130 0.387 0.483 0.123 0.361 0.516
   760 16650  4835  3470  1297    47  0.130 0.387 0.483 0.123 0.361 0.516
   765 16637  4816  3550  1278    47  0.130 0.386 0.484 0.121 0.361 0.518
   770 16584  4954  3527  1260    47  0.129 0.385 0.485 0.122 0.361 0.517
   775 16524  4741  3409  1302    47  0.129 0.385 0.486 0.121 0.360 0.519
   780 16602  4722  3546  1332    47  0.128 0.386 0.486 0.121 0.360 0.519
   785 16434  4707  3403  1214    47  0.128 0.385 0.487 0.119 0.360 0.521
   790 16209  4655  3481  1230    46  0.127 0.385 0.488 0.119 0.360 0.521
   795 16331  4700  3452  1189    46  0.127 0.384 0.489 0.119 0.360 0.521
   800 16583  4808  3552  1238    46  0.127 0.385 0.488 0.119 0.360 0.521
   805 16349  4774  3458  1291    45  0.126 0.383 0.491 0.118 0.360 0.522
   810 16724  4720  3523  1300    45  0.126 0.382 0.492 0.118 0.359 0.523
   815 16570  4609  3586  1293    45  0.125 0.382 0.493 0.117 0.359 0.523
   820 16232  4591  3377  1287    45  0.125 0.381 0.493 0.117 0.360 0.523
   825 16162  4579  3374  1241    45  0.125 0.382 0.493 0.117 0.361 0.523
   830 16164  4679  3450  1233    45  0.125 0.381 0.495 0.116 0.360 0.524
   835 15862  4637  3413  1186    45  0.124 0.380 0.496 0.116 0.360 0.525
   840 16068  4639  3341  1237    45  0.124 0.380 0.496 0.115 0.359 0.526
   845 16185  4573  3452  1271    45  0.124 0.380 0.496 0.115 0.360 0.525
   850 16099  4473  3414  1150    45  0.123 0.380 0.497 0.114 0.359 0.527
   855 15809  4649  3319  1187    45  0.123 0.379 0.498 0.114 0.359 0.526
   860 15733  4604  3363  1141    45  0.122 0.377 0.500 0.113 0.359 0.527
   865 15632  4519  3375  1167    45  0.122 0.378 0.500 0.113 0.359 0.527
   870 15439  4473  3354  1111    45  0.123 0.378 0.499 0.113 0.360 0.528
   875 15338  4430  3304  1163    45  0.122 0.378 0.500 0.112 0.359 0.529
   880 15141  4431  3315  1134    45  0.121 0.378 0.501 0.111 0.359 0.530
   885 15596  4493  3384  1169    45  0.120 0.378 0.502 0.111 0.359 0.530
   890 15245  4463  3220  1127    45  0.120 0.377 0.504 0.110 0.359 0.531
   895 15185  4298  3284  1073    45  0.119 0.376 0.504 0.111 0.358 0.532
   900 15043  4319  3242  1091    45  0.119 0.377 0.504 0.110 0.357 0.533
   905 14940  4313  3249  1039    45  0.118 0.375 0.506 0.109 0.358 0.534
   910 14942  4424  3229  1104    45  0.118 0.375 0.506 0.109 0.358 0.534
   915 14858  4328  3177  1069    45  0.118 0.375 0.507 0.109 0.358 0.534
   920 14946  4366  3181  1098    44  0.118 0.375 0.507 0.108 0.358 0.535
   925 14794  4338  3201  1052    44  0.118 0.375 0.506 0.107 0.358 0.535
   930 14870  4248  3247  1041    44  0.118 0.375 0.507 0.107 0.359 0.534
   935 14971  4263  3258  1136    44  0.118 0.376 0.507 0.106 0.359 0.535
   940 15179  4284  3353  1116    44  0.118 0.375 0.508 0.106 0.359 0.535
   945 14985  4336  3226  1062    43  0.116 0.375 0.509 0.105 0.359 0.536
   950 14849  4314  3105  1063    43  0.116 0.376 0.508 0.106 0.359 0.535
   955 14724  4342  3230  1126    43  0.116 0.375 0.509 0.105 0.359 0.536
   960 14454  4208  3180  1022    43  0.115 0.375 0.510 0.106 0.359 0.535
   965 14480  4176  3123  1053    43  0.115 0.375 0.510 0.105 0.360 0.535
   970 14766  4173  3259  1065    43  0.116 0.374 0.510 0.105 0.360 0.535
   975 14850  4256  3186  1074    42  0.116 0.374 0.510 0.105 0.360 0.535
   980 14821  4243  3236  1059    41  0.115 0.375 0.510 0.105 0.358 0.537
   985 14369  4176  3149  1055    41  0.115 0.375 0.510 0.104 0.358 0.538
   990 14297  4018  2983  1049    40  0.114 0.374 0.512 0.104 0.357 0.539
   995 14775  4188  3234  1049    40  0.114 0.374 0.512 0.104 0.357 0.539
  1000 14492  4328  3133  1006    40  0.113 0.374 0.513 0.104 0.357 0.539
