 nmt =               50
 dmf =      T
 dff =      F
 vgr =       0.100000001    
 lde =       0.899999976    
 theta =     0.500000000    
 sigma =     0.500000000    
 ssr =                1
 dr =        0.300000012    
 mr =         9.99999978E-03
 spdispr =           30
 gs =               300
 ini =            60000
 ngen =            1000
 Myseed =         84563
 nmap =            1000
 beta =      0.666700006    
 Gen nind ndea nveg nspo num_mat veg_1 spo_1 mat_1 veg_2 spo_2 mat_2
     0 60000     0     0     0    50  0.333 0.333 0.334   NaN   NaN   NaN
     5 66318 17398  3116 15010    50  0.299 0.333 0.368 0.222 0.231 0.547
    10 65775 17522  3237 13959    50  0.258 0.308 0.433 0.175 0.191 0.634
    15 63776 16845  3181 13267    50  0.221 0.281 0.498 0.138 0.158 0.704
    20 61458 16578  3475 12620    50  0.190 0.253 0.557 0.108 0.134 0.758
    25 59163 16063  3474 11912    50  0.164 0.230 0.606 0.090 0.115 0.795
    30 57453 15400  3758 11285    50  0.144 0.208 0.648 0.075 0.102 0.824
    35 55333 14945  3834 10697    50  0.128 0.193 0.679 0.065 0.090 0.846
    40 53721 14367  4021 10314    50  0.117 0.180 0.702 0.057 0.081 0.862
    45 52027 14121  3930  9701    50  0.109 0.172 0.719 0.051 0.073 0.876
    50 50756 13709  4199  9354    50  0.103 0.165 0.732 0.047 0.069 0.883
    55 50062 13543  4080  9151    50  0.098 0.161 0.740 0.044 0.066 0.889
    60 49040 13359  4193  8990    50  0.096 0.161 0.742 0.041 0.063 0.895
    65 48620 13240  4159  8769    50  0.094 0.162 0.744 0.039 0.061 0.900
    70 48587 13077  4278  8860    50  0.092 0.162 0.745 0.038 0.060 0.902
    75 48376 13021  4362  8963    50  0.092 0.164 0.744 0.037 0.059 0.904
    80 48940 13161  4195  8935    50  0.093 0.168 0.739 0.036 0.058 0.906
    85 48537 13068  4234  8790    50  0.092 0.170 0.738 0.035 0.057 0.908
    90 48390 12964  4293  8889    50  0.092 0.172 0.736 0.035 0.058 0.907
    95 48342 13131  4150  8966    50  0.092 0.175 0.733 0.034 0.058 0.908
   100 48690 13064  4289  8909    50  0.092 0.177 0.731 0.033 0.059 0.908
   105 48522 13162  4348  8686    50  0.090 0.176 0.734 0.033 0.057 0.911
   110 48425 13373  4232  8945    50  0.089 0.175 0.736 0.031 0.056 0.913
   115 48329 13085  4366  8866    50  0.088 0.174 0.738 0.030 0.055 0.914
   120 47908 13073  4273  8648    50  0.087 0.175 0.738 0.031 0.056 0.914
   125 47964 13084  4320  8681    50  0.086 0.174 0.740 0.031 0.057 0.912
   130 47776 13112  4259  8736    50  0.085 0.174 0.740 0.029 0.055 0.916
   135 47486 12900  4283  8558    50  0.084 0.171 0.745 0.029 0.054 0.917
   140 47547 12973  4261  8557    50  0.082 0.171 0.746 0.028 0.054 0.918
   145 47958 12973  4348  8613    50  0.080 0.170 0.750 0.028 0.053 0.919
   150 47632 12838  4348  8597    50  0.079 0.168 0.754 0.028 0.053 0.919
   155 47052 12698  4368  8504    50  0.077 0.166 0.756 0.027 0.052 0.921
   160 47043 12824  4412  8343    50  0.075 0.163 0.762 0.026 0.051 0.923
   165 46744 12566  4352  8318    50  0.074 0.161 0.765 0.026 0.051 0.923
   170 46410 12619  4418  8267    50  0.073 0.158 0.769 0.025 0.051 0.924
   175 46260 12520  4418  8174    50  0.072 0.157 0.771 0.025 0.050 0.925
   180 46098 12421  4589  8188    50  0.070 0.155 0.775 0.025 0.050 0.925
   185 45761 12254  4412  8049    50  0.069 0.153 0.778 0.025 0.051 0.924
   190 45558 12410  4430  7917    50  0.068 0.151 0.781 0.025 0.051 0.924
   195 45876 12367  4369  8240    50  0.067 0.150 0.783 0.025 0.051 0.924
   200 45698 12371  4364  8029    50  0.065 0.146 0.788 0.025 0.050 0.925
   205 45611 12338  4491  7888    50  0.065 0.146 0.789 0.025 0.050 0.925
   210 45140 12328  4389  7742    50  0.064 0.143 0.794 0.024 0.049 0.927
   215 44578 11855  4411  7607    50  0.063 0.141 0.796 0.024 0.047 0.929
   220 44714 12057  4287  7619    50  0.062 0.139 0.799 0.023 0.047 0.930
   225 44270 11822  4385  7445    50  0.060 0.136 0.803 0.023 0.047 0.930
   230 43916 12037  4431  7448    50  0.060 0.135 0.805 0.023 0.047 0.930
   235 43519 11957  4393  7495    50  0.059 0.133 0.808 0.023 0.047 0.930
   240 43350 11934  4389  7273    50  0.058 0.133 0.809 0.023 0.047 0.931
   245 43535 11853  4500  7307    50  0.057 0.130 0.813 0.023 0.047 0.930
   250 43607 11901  4377  7446    50  0.057 0.130 0.813 0.022 0.046 0.932
   255 43151 11840  4382  7271    50  0.056 0.128 0.817 0.022 0.046 0.932
   260 43098 11860  4454  7231    50  0.055 0.127 0.818 0.022 0.046 0.932
   265 43406 11608  4587  7318    50  0.054 0.125 0.821 0.022 0.045 0.933
   270 43033 11706  4487  7101    50  0.053 0.123 0.824 0.021 0.044 0.935
   275 42409 11756  4578  7059    50  0.052 0.121 0.827 0.021 0.043 0.936
   280 42327 11473  4448  6871    50  0.052 0.119 0.829 0.021 0.043 0.935
   285 41680 11572  4410  6980    50  0.051 0.118 0.831 0.021 0.042 0.937
   290 41777 11385  4439  6887    50  0.050 0.116 0.834 0.021 0.044 0.935
   295 41585 11519  4543  6834    50  0.050 0.115 0.835 0.021 0.043 0.935
   300 41641 11259  4566  6813    50  0.050 0.113 0.837 0.021 0.042 0.937
   305 41486 11382  4633  6753    50  0.049 0.111 0.839 0.021 0.042 0.937
   310 41421 11363  4582  6792    50  0.049 0.109 0.842 0.021 0.042 0.937
   315 41007 11318  4574  6553    50  0.049 0.108 0.843 0.021 0.041 0.938
   320 40944 11242  4436  6750    50  0.048 0.107 0.846 0.021 0.041 0.938
   325 40428 11166  4613  6581    50  0.048 0.106 0.846 0.021 0.041 0.939
   330 40555 11073  4583  6429    50  0.047 0.104 0.848 0.021 0.041 0.938
   335 40354 11012  4624  6465    50  0.047 0.104 0.849 0.021 0.041 0.939
   340 40255 11114  4507  6347    50  0.046 0.102 0.852 0.021 0.041 0.939
   345 40201 10985  4699  6503    50  0.046 0.101 0.853 0.021 0.040 0.939
   350 39548 11163  4601  6245    50  0.045 0.099 0.856 0.020 0.040 0.940
   355 39718 10866  4704  6325    50  0.045 0.099 0.856 0.021 0.040 0.939
   360 39389 10830  4620  6225    50  0.045 0.097 0.858 0.020 0.039 0.940
   365 39435 11034  4612  6233    50  0.044 0.097 0.859 0.021 0.039 0.940
   370 38998 10792  4734  6132    50  0.044 0.095 0.861 0.020 0.039 0.941
   375 38910 10708  4733  6105    48  0.044 0.094 0.863 0.020 0.039 0.941
   380 38799 10524  4656  6048    48  0.043 0.093 0.864 0.020 0.038 0.941
   385 39003 10804  4605  6099    48  0.043 0.093 0.865 0.020 0.038 0.942
   390 38795 10915  4560  6047    48  0.043 0.091 0.866 0.020 0.038 0.941
   395 38678 10648  4617  5898    48  0.043 0.090 0.868 0.020 0.037 0.943
   400 38206 10735  4670  5854    48  0.042 0.088 0.870 0.020 0.037 0.943
   405 38148 10506  4591  5903    48  0.042 0.087 0.871 0.020 0.037 0.943
   410 38254 10477  4599  5804    48  0.041 0.086 0.873 0.020 0.037 0.943
   415 38124 10502  4713  5852    48  0.041 0.086 0.873 0.020 0.037 0.943
   420 37667 10367  4635  5782    48  0.041 0.084 0.875 0.020 0.037 0.943
   425 37746 10570  4617  5695    48  0.041 0.084 0.876 0.020 0.036 0.944
   430 37515 10546  4651  5678    48  0.041 0.083 0.876 0.020 0.036 0.944
   435 37207 10478  4616  5735    47  0.040 0.082 0.877 0.020 0.037 0.943
   440 37106 10202  4506  5580    47  0.040 0.082 0.878 0.020 0.036 0.944
   445 37264 10150  4670  5677    47  0.040 0.081 0.879 0.020 0.036 0.944
   450 36737 10184  4536  5539    47  0.040 0.080 0.880 0.020 0.035 0.945
   455 36767 10313  4609  5441    47  0.039 0.079 0.881 0.020 0.035 0.945
   460 36846 10230  4700  5516    47  0.039 0.078 0.882 0.020 0.034 0.946
   465 36643  9937  4668  5534    47  0.039 0.078 0.882 0.020 0.035 0.945
   470 36607 10065  4610  5419    47  0.039 0.078 0.883 0.020 0.035 0.945
   475 36517 10235  4581  5414    47  0.039 0.077 0.884 0.020 0.035 0.945
   480 36578 10107  4744  5521    47  0.039 0.077 0.885 0.020 0.035 0.946
   485 36491 10103  4661  5331    47  0.039 0.076 0.885 0.020 0.035 0.945
   490 36381 10167  4640  5448    47  0.038 0.077 0.885 0.020 0.035 0.945
   495 36343 10085  4634  5387    47  0.039 0.076 0.885 0.020 0.035 0.944
   500 36367  9966  4674  5278    47  0.039 0.076 0.886 0.020 0.034 0.946
   505 35928  9985  4589  5274    47  0.039 0.075 0.886 0.020 0.034 0.946
   510 36092  9850  4698  5350    47  0.038 0.074 0.887 0.020 0.035 0.945
   515 36215 10028  4739  5431    47  0.038 0.074 0.888 0.020 0.035 0.945
   520 36092 10123  4592  5387    47  0.038 0.073 0.889 0.020 0.035 0.945
   525 35794  9920  4645  5305    47  0.038 0.072 0.889 0.020 0.035 0.945
   530 35543  9870  4634  5319    47  0.038 0.072 0.890 0.020 0.034 0.945
   535 35927  9930  4835  5176    47  0.038 0.071 0.891 0.020 0.034 0.945
   540 35859 10073  4731  5238    47  0.037 0.070 0.893 0.020 0.034 0.946
   545 35521  9778  4764  5142    47  0.037 0.069 0.894 0.020 0.034 0.946
   550 35806  9803  4626  5197    47  0.037 0.069 0.894 0.020 0.033 0.947
   555 35465  9885  4659  5182    47  0.037 0.068 0.895 0.020 0.033 0.948
   560 35191  9662  4658  5093    47  0.037 0.068 0.895 0.020 0.033 0.947
   565 35342  9664  4674  5160    47  0.037 0.068 0.896 0.020 0.033 0.947
   570 35034  9695  4507  5060    47  0.036 0.067 0.897 0.019 0.032 0.948
   575 34557  9632  4705  4928    47  0.036 0.067 0.897 0.020 0.032 0.948
   580 34470  9539  4661  4974    47  0.036 0.066 0.898 0.020 0.032 0.948
   585 34267  9380  4650  4821    47  0.036 0.065 0.899 0.020 0.032 0.948
   590 34458  9461  4742  4891    47  0.036 0.065 0.899 0.020 0.031 0.949
   595 34234  9368  4717  4807    47  0.036 0.064 0.900 0.020 0.031 0.949
   600 34027  9430  4617  4854    47  0.036 0.064 0.900 0.020 0.031 0.949
   605 34038  9439  4624  4736    47  0.036 0.063 0.901 0.019 0.031 0.950
   610 33765  9422  4711  4584    46  0.036 0.063 0.901 0.020 0.031 0.949
   615 33763  9349  4624  4732    46  0.035 0.064 0.901 0.020 0.031 0.949
   620 33937  9326  4629  4858    45  0.035 0.063 0.902 0.020 0.031 0.949
   625 33646  9347  4604  4602    45  0.035 0.063 0.902 0.020 0.031 0.949
   630 33864  9381  4712  4637    45  0.035 0.062 0.902 0.020 0.031 0.949
   635 33543  9323  4602  4711    45  0.035 0.062 0.902 0.020 0.031 0.949
   640 33789  9292  4753  4693    45  0.035 0.062 0.902 0.020 0.031 0.949
   645 33853  9379  4559  4742    45  0.035 0.063 0.902 0.020 0.032 0.949
   650 34127  9429  4673  4797    45  0.035 0.063 0.902 0.020 0.032 0.948
   655 33762  9448  4454  4807    45  0.035 0.062 0.903 0.020 0.031 0.949
   660 33732  9437  4634  4707    45  0.035 0.062 0.903 0.019 0.031 0.949
   665 34053  9452  4657  4804    45  0.035 0.062 0.903 0.019 0.031 0.950
   670 33661  9510  4585  4710    45  0.035 0.061 0.904 0.019 0.031 0.950
   675 33524  9335  4698  4704    45  0.034 0.061 0.905 0.020 0.031 0.949
   680 33429  9545  4597  4724    45  0.035 0.061 0.904 0.020 0.031 0.949
   685 33650  9259  4604  4619    45  0.034 0.061 0.905 0.020 0.031 0.950
   690 33495  9426  4736  4694    45  0.034 0.061 0.905 0.019 0.031 0.950
   695 33391  9143  4640  4656    45  0.035 0.061 0.904 0.019 0.032 0.949
   700 33849  9303  4634  4753    45  0.035 0.061 0.904 0.020 0.032 0.948
   705 33749  9323  4673  4706    45  0.035 0.061 0.904 0.020 0.032 0.948
   710 33477  9328  4669  4641    45  0.034 0.061 0.904 0.020 0.032 0.949
   715 33468  9351  4565  4774    45  0.034 0.061 0.906 0.020 0.032 0.949
   720 33710  9402  4720  4776    45  0.034 0.060 0.906 0.019 0.032 0.949
   725 33625  9522  4795  4683    45  0.034 0.060 0.906 0.019 0.031 0.949
   730 33816  9365  4666  4852    45  0.033 0.060 0.907 0.019 0.031 0.949
   735 33242  9283  4744  4539    45  0.033 0.059 0.907 0.019 0.031 0.950
   740 33047  9190  4609  4549    45  0.033 0.058 0.908 0.019 0.031 0.950
   745 33143  9341  4575  4603    44  0.033 0.059 0.908 0.019 0.030 0.951
   750 32921  9179  4758  4436    44  0.033 0.058 0.909 0.019 0.030 0.951
   755 32651  9133  4658  4533    44  0.033 0.058 0.909 0.019 0.031 0.950
   760 33260  9346  4626  4599    44  0.033 0.058 0.909 0.019 0.031 0.950
   765 33531  9222  4679  4655    43  0.033 0.059 0.908 0.019 0.031 0.950
   770 32979  9416  4556  4610    43  0.033 0.059 0.908 0.019 0.031 0.950
   775 33032  9284  4692  4529    43  0.033 0.058 0.909 0.019 0.031 0.950
   780 32906  9206  4593  4490    43  0.033 0.058 0.909 0.019 0.030 0.950
   785 33385  9112  4654  4608    43  0.033 0.058 0.909 0.020 0.031 0.949
   790 33092  9342  4661  4491    43  0.033 0.058 0.909 0.020 0.031 0.949
   795 32893  9203  4501  4509    41  0.033 0.057 0.909 0.020 0.031 0.950
   800 32580  9088  4570  4525    41  0.033 0.057 0.910 0.019 0.030 0.951
   805 33072  9127  4632  4573    41  0.033 0.056 0.911 0.019 0.030 0.950
   810 32903  9129  4670  4525    41  0.033 0.056 0.911 0.019 0.030 0.951
   815 32856  9136  4734  4486    41  0.033 0.056 0.911 0.020 0.031 0.950
   820 32375  9131  4551  4430    41  0.033 0.057 0.910 0.019 0.030 0.950
   825 32775  9194  4602  4519    41  0.034 0.057 0.909 0.020 0.030 0.950
   830 32575  9259  4716  4359    41  0.034 0.057 0.910 0.019 0.030 0.951
   835 32551  9026  4695  4367    41  0.034 0.056 0.910 0.020 0.030 0.950
   840 32680  9132  4716  4394    41  0.033 0.056 0.911 0.020 0.030 0.951
   845 32493  9126  4699  4229    41  0.033 0.055 0.911 0.019 0.029 0.951
   850 32362  9073  4588  4354    41  0.033 0.055 0.911 0.020 0.029 0.951
   855 32552  9197  4673  4477    41  0.033 0.056 0.911 0.020 0.030 0.950
   860 32597  9098  4725  4346    41  0.033 0.055 0.911 0.020 0.030 0.951
   865 32380  9028  4601  4350    41  0.033 0.055 0.911 0.020 0.030 0.951
   870 32184  9011  4546  4303    41  0.034 0.056 0.910 0.020 0.029 0.951
   875 32434  9156  4707  4377    41  0.034 0.056 0.910 0.020 0.030 0.950
   880 32515  9034  4706  4369    41  0.034 0.056 0.910 0.020 0.029 0.951
   885 32768  9085  4627  4396    41  0.034 0.057 0.909 0.020 0.030 0.950
   890 32569  9020  4662  4350    41  0.034 0.057 0.909 0.020 0.030 0.950
   895 32584  9148  4756  4430    41  0.034 0.057 0.909 0.020 0.030 0.950
   900 32656  9111  4644  4434    41  0.034 0.056 0.910 0.020 0.030 0.950
   905 32573  9006  4707  4498    41  0.034 0.056 0.910 0.020 0.029 0.951
   910 32159  9043  4537  4422    41  0.034 0.056 0.910 0.020 0.030 0.950
   915 31987  9028  4504  4349    41  0.034 0.056 0.910 0.020 0.030 0.950
   920 32122  9026  4633  4299    41  0.034 0.056 0.910 0.020 0.030 0.950
   925 32104  8935  4672  4330    41  0.033 0.056 0.910 0.020 0.030 0.950
   930 32439  8997  4645  4364    41  0.033 0.055 0.911 0.020 0.030 0.950
   935 32505  8949  4579  4392    41  0.034 0.055 0.911 0.020 0.030 0.950
   940 32637  8889  4689  4460    41  0.034 0.055 0.911 0.020 0.030 0.950
   945 32533  8972  4688  4552    41  0.034 0.055 0.911 0.020 0.030 0.950
   950 32585  9154  4675  4438    41  0.034 0.055 0.911 0.020 0.030 0.951
   955 32097  9200  4634  4313    41  0.034 0.055 0.911 0.020 0.029 0.951
   960 31784  9031  4570  4283    40  0.034 0.055 0.910 0.020 0.029 0.951
   965 32299  8807  4672  4238    40  0.034 0.055 0.911 0.020 0.030 0.951
   970 32146  9124  4602  4366    40  0.034 0.055 0.911 0.020 0.030 0.951
   975 31937  9011  4649  4306    40  0.034 0.055 0.911 0.020 0.029 0.951
   980 32056  8812  4721  4186    40  0.034 0.055 0.911 0.020 0.029 0.951
   985 32192  8866  4663  4326    40  0.034 0.055 0.911 0.020 0.029 0.951
   990 32350  8964  4556  4364    40  0.034 0.055 0.912 0.020 0.030 0.951
   995 32250  9040  4784  4260    40  0.034 0.055 0.912 0.020 0.029 0.951
  1000 32269  8966  4612  4291    40  0.034 0.055 0.912 0.020 0.029 0.951
